722076,94891,20150101,22.0,24,11.2,24,9999.9,0,995.1,19,10.0,24,13.8,24,21.0,27.0,31.6,17.6,0.00I,999.9,000000
722076,94891,20150102,28.0,24,19.1,24,9999.9,0,997.6,24,10.0,24,4.3,24,13.0,17.1,36.5,20.7,0.00I,999.9,000000
722076,94891,20150103,34.2,24,32.5,24,9999.9,0,989.9,24,4.3,24,3.4,24,8.0,999.9,39.6,30.6,0.07G,999.9,110000
722076,94891,20150104,31.3,24,30.2,24,9999.9,0,986.2,24,4.1,24,8.7,24,19.0,26.0,36.0,15.4,0.26G,999.9,111000
722076,94891,20150105,8.3,24,0.8,24,9999.9,0,1008.7,24,10.0,24,9.7,24,15.0,22.0,15.3,1.8,0.00G,999.9,001000
722076,94891,20150106,10.8,24,6.6,24,9999.9,0,1001.3,24,6.5,24,5.7,24,11.1,14.0,12.2,5.9,0.16G,999.9,001000
722076,94891,20150107,5.4,24,-1.8,24,9999.9,0,1007.0,24,8.4,24,15.0,24,20.0,28.0,11.7,-2.2,0.00G,999.9,001000
722076,94891,20150108,-1.5,24,-8.0,24,9999.9,0,1007.2,24,9.7,24,10.6,24,22.9,33.0,13.1,-8.5,99.99,999.9,001000
722076,94891,20150109,11.0,24,2.5,24,9999.9,0,996.1,24,8.7,24,15.7,24,22.0,28.9,23.0,5.0,99.99,999.9,001000
722076,94891,20150110,5.5,24,-2.0,24,9999.9,0,1005.5,24,10.0,24,7.9,24,15.0,20.0,22.6,-4.5,0.00I,999.9,000000
722076,94891,20150111,26.8,24,16.0,24,9999.9,0,1000.5,24,9.9,24,10.0,24,20.0,25.1,31.6,22.6,0.19A,999.9,010000
722076,94891,20150112,29.0,24,27.4,24,9999.9,0,1000.1,24,4.7,24,5.2,24,12.0,999.9,32.0,19.8,0.06B,999.9,011000
722076,94891,20150113,12.7,24,8.8,24,9999.9,0,1009.9,24,9.9,24,5.6,24,8.0,999.9,19.8,5.0,99.99,999.9,001000
722076,94891,20150114,4.2,24,0.5,24,9999.9,0,1003.3,24,9.6,24,1.6,24,7.0,999.9,15.8,-5.4,0.00I,999.9,000000
722076,94891,20150115,18.7,24,14.0,24,9999.9,0,995.8,24,9.3,24,4.6,24,12.0,15.0,34.0,9.1,0.06G,999.9,000000
722076,94891,20150116,28.0,24,24.1,24,9999.9,0,994.0,24,8.3,24,4.9,24,8.9,999.9,34.7,20.1,0.00G,999.9,000000
722076,94891,20150117,35.4,24,30.0,24,9999.9,0,987.6,24,9.4,24,11.8,24,22.0,31.1,45.5,27.1,0.00I,999.9,000000
722076,94891,20150118,37.5,24,32.5,24,9999.9,0,984.1,24,9.9,24,11.1,24,18.1,22.9,42.4,32.9,99.99,999.9,010000
722076,94891,20150119,32.5,24,29.4,24,9999.9,0,989.6,24,8.0,24,1.2,24,5.1,999.9,43.9,23.5,0.00I,999.9,000000
722076,94891,20150120,35.8,24,32.7,24,9999.9,0,986.7,24,8.8,24,4.9,24,11.1,14.0,43.9,32.0,99.99,999.9,010000
722076,94891,20150121,34.0,24,32.0,24,9999.9,0,990.4,24,5.1,24,7.0,24,17.1,22.0,37.2,31.5,99.99,999.9,010000
722076,94891,20150122,32.6,24,29.9,24,9999.9,0,1000.9,24,5.5,24,2.8,24,8.0,999.9,35.1,31.1,99.99,999.9,010000
722076,94891,20150123,31.7,24,27.5,24,9999.9,0,999.0,24,9.1,24,2.0,24,8.0,999.9,32.2,30.2,0.00I,999.9,000000
722076,94891,20150124,31.0,24,27.0,24,9999.9,0,983.8,24,8.0,24,6.3,24,15.0,19.0,43.2,24.3,0.00I,999.9,000000
722076,94891,20150125,34.3,24,32.6,24,9999.9,0,979.1,24,7.5,24,6.5,24,15.9,24.1,37.4,29.7,0.04B,999.9,010000
722076,94891,20150126,26.1,24,21.7,24,9999.9,0,987.3,24,9.8,24,8.5,24,18.1,26.0,29.5,22.6,99.99,999.9,001000
722076,94891,20150127,27.8,24,25.6,24,9999.9,0,990.4,24,5.1,24,4.9,24,8.0,999.9,29.1,24.6,99.99,999.9,011000
722076,94891,20150128,24.9,24,18.9,24,9999.9,0,998.0,24,9.8,24,4.7,24,14.0,18.1,35.8,17.6,0.00I,999.9,000000
722076,94891,20150129,35.7,24,28.6,24,9999.9,0,986.6,24,8.0,24,14.2,24,20.0,28.0,41.2,32.2,99.99,999.9,010000
722076,94891,20150130,30.5,24,22.3,24,9999.9,0,1002.5,23,9.8,24,8.6,24,14.0,20.0,33.6,23.5,99.99,999.9,010000
722076,94891,20150131,27.4,24,21.8,24,9999.9,0,1001.7,20,10.0,24,4.6,24,12.0,15.9,37.4,20.3,99.99,999.9,011000
722076,94891,20150201,32.2,24,31.7,24,9999.9,0,983.9,18,3.1,24,5.3,24,13.0,15.0,34.7,31.8,0.05G,999.9,011000
722076,94891,20150202,17.5,24,13.5,24,9999.9,0,988.8,24,6.2,24,13.1,24,21.0,28.9,32.0,9.7,0.21G,999.9,001000
722076,94891,20150203,19.6,24,14.6,24,9999.9,0,996.7,24,10.0,24,7.6,24,17.1,21.0,33.8,9.0,0.00G,999.9,000000
722076,94891,20150204,30.2,24,25.7,24,9999.9,0,991.9,24,7.7,24,11.4,24,19.0,24.1,34.3,18.5,99.99,999.9,001000
722076,94891,20150205,8.9,24,1.5,24,9999.9,0,1003.5,24,10.0,24,6.9,24,15.9,21.0,18.5,-3.1,0.00I,999.9,000000
722076,94891,20150206,18.2,24,10.1,24,9999.9,0,998.6,24,10.0,24,6.9,24,13.0,999.9,35.1,0.7,0.00I,999.9,000000
722076,94891,20150207,35.8,24,30.1,24,9999.9,0,987.8,24,10.0,24,10.0,24,15.0,20.0,48.4,30.2,0.00I,999.9,000000
722076,94891,20150208,45.6,24,40.6,24,9999.9,0,979.5,24,9.5,24,10.9,24,17.1,24.1,53.4,36.9,0.00I,999.9,000000
722076,94891,20150209,29.9,24,27.6,24,9999.9,0,989.7,24,7.5,24,13.6,24,18.1,22.9,36.9,27.0,99.99,999.9,011000
722076,94891,20150210,27.3,24,20.1,24,9999.9,0,996.6,24,10.0,24,6.2,24,15.0,18.1,35.1,19.8,0.00I,999.9,000000
722076,94891,20150211,31.3,24,26.7,24,9999.9,0,992.1,24,8.9,24,8.2,24,17.1,24.1,35.8,28.9,99.99,999.9,010000
722076,94891,20150212,19.1,24,11.9,24,9999.9,0,998.5,24,9.1,24,16.0,24,21.0,29.9,29.1,13.1,99.99,999.9,001000
722076,94891,20150213,14.2,24,6.7,24,9999.9,0,1001.2,24,10.0,24,6.9,24,15.9,20.0,27.1,6.8,0.00I,999.9,000000
722076,94891,20150214,23.9,24,12.4,24,9999.9,0,989.9,24,9.8,24,16.7,24,28.9,40.0,29.1,8.2,99.99,999.9,001000
722076,94891,20150215,8.3,24,-3.9,24,9999.9,0,1005.4,24,10.0,24,8.4,24,18.1,21.0,18.3,2.3,0.00I,999.9,000000
722076,94891,20150216,13.1,24,-0.8,24,9999.9,0,997.9,24,10.0,24,6.4,24,8.9,999.9,18.5,10.4,0.00I,999.9,000000
722076,94891,20150217,15.9,24,6.4,24,9999.9,0,989.6,24,9.9,24,6.3,24,15.0,21.0,28.4,5.9,99.99,999.9,001000
722076,94891,20150218,12.4,24,3.8,24,9999.9,0,988.9,24,8.3,24,11.9,24,21.0,26.0,21.9,3.9,99.99,999.9,001000
722076,94891,20150219,2.1,24,-10.5,24,9999.9,0,1000.1,24,10.0,24,11.6,24,18.1,22.9,9.5,-4.2,0.00I,999.9,000000
722076,94891,20150220,4.6,24,-6.4,24,9999.9,0,1000.0,24,10.0,24,6.8,24,18.1,22.0,19.0,-4.2,99.99,999.9,001000
722076,94891,20150221,20.8,24,15.1,24,9999.9,0,988.5,24,6.1,24,5.6,24,17.1,22.0,28.4,17.2,0.09G,999.9,001000
722076,94891,20150222,24.9,24,19.1,24,9999.9,0,998.7,24,8.3,24,8.8,24,17.1,21.0,29.1,15.6,0.00G,999.9,000000
722076,94891,20150223,8.1,24,-1.6,24,9999.9,0,1010.4,24,10.0,24,7.6,24,13.0,17.1,15.4,-0.4,0.00I,999.9,000000
722076,94891,20150224,6.9,24,-1.4,24,9999.9,0,994.9,24,10.0,24,9.9,24,27.0,33.0,27.1,-8.5,0.00I,999.9,000000
722076,94891,20150225,23.4,24,14.9,24,9999.9,0,986.5,24,10.0,24,6.4,24,14.0,20.0,32.2,12.2,0.00I,999.9,000000
722076,94891,20150226,20.9,24,16.1,24,9999.9,0,991.5,24,6.4,24,9.6,24,15.0,19.0,29.1,11.3,99.99,999.9,001000
722076,94891,20150227,8.0,24,-0.6,24,9999.9,0,1003.1,10,9.9,24,4.5,24,8.9,14.0,16.7,-3.6,99.99,999.9,001000
722076,94891,20150228,11.0,24,2.2,24,9999.9,0,9999.9,0,10.0,24,4.0,24,8.9,999.9,25.0,-0.8,99.99,999.9,001000
722076,94891,20150301,22.1,24,19.7,24,9999.9,0,1003.0,24,2.7,24,2.5,24,8.0,999.9,26.1*,20.3*,0.19G,999.9,001000
722076,94891,20150302,19.0,24,13.7,24,9999.9,0,1004.6,24,9.9,24,3.9,24,8.9,999.9,25.5*,8.6*,0.00G,999.9,000000
722076,94891,20150303,28.6,24,24.7,24,9999.9,0,991.0,24,6.7,24,8.8,24,19.0,25.1,37.9,18.5,0.02B,999.9,010000
722076,94891,20150304,25.9,24,21.1,24,9999.9,0,989.9,24,9.3,24,10.2,24,18.1,22.0,35.8*,16.9*,0.00I,999.9,000000
722076,94891,20150305,12.8,24,3.2,24,9999.9,0,1002.7,24,10.0,24,9.9,24,15.9,21.0,17.1,3.7,0.00I,999.9,000000
722076,94891,20150306,7.0,24,-0.2,24,9999.9,0,1006.0,24,10.0,24,6.4,24,19.0,22.9,26.6,-10.8,0.00I,999.9,000000
722076,94891,20150307,30.0,24,21.8,24,9999.9,0,995.7,24,10.0,24,12.8,24,19.0,24.1,42.1,20.3,0.00I,999.9,000000
722076,94891,20150308,35.6,24,30.0,24,9999.9,0,996.2,24,9.0,24,3.7,24,8.0,999.9,45.9,24.4,0.00I,999.9,000000
722076,94891,20150309,37.6,24,33.1,24,9999.9,0,995.2,24,9.3,24,2.8,24,8.9,999.9,49.1,28.4,0.00I,999.9,000000
722076,94891,20150310,41.1,24,40.1,24,9999.9,0,991.8,24,3.6,24,1.9,24,6.0,999.9,48.7,37.4,99.99,999.9,010000
722076,94891,20150311,41.3,24,39.2,24,9999.9,0,995.1,24,2.2,24,2.6,24,12.0,999.9,61.0,30.7,99.99,999.9,110000
722076,94891,20150312,41.9,24,34.5,24,9999.9,0,1003.7,24,6.4,24,6.6,24,13.0,17.1,56.3,31.1,0.00I,999.9,100000
722076,94891,20150313,42.5,24,37.1,24,9999.9,0,997.4,24,7.9,24,3.6,24,8.9,999.9,49.3,37.6,0.01G,999.9,010000
722076,94891,20150314,46.9,24,43.1,24,9999.9,0,990.9,24,4.4,24,5.1,24,14.0,19.0,56.7,41.5,0.05G,999.9,110000
722076,94891,20150315,46.0,24,37.2,24,9999.9,0,996.8,24,9.9,24,6.3,24,14.0,18.1,61.9,29.3,0.00G,999.9,000000
722076,94891,20150316,57.0,24,43.7,24,9999.9,0,991.3,24,9.6,24,11.3,24,20.0,24.1,72.7,46.9,0.00I,999.9,000000
722076,94891,20150317,47.2,24,35.2,24,9999.9,0,992.7,24,9.9,24,15.4,24,26.0,32.1,65.8,36.5,0.00I,999.9,000000
722076,94891,20150318,35.1,24,21.1,24,9999.9,0,1000.5,24,10.0,24,2.1,24,7.0,15.9,45.5,24.6,0.00I,999.9,000000
722076,94891,20150319,40.6,24,25.1,24,9999.9,0,996.4,24,10.0,24,6.0,24,15.0,20.0,48.2,34.7,0.00I,999.9,000000
722076,94891,20150320,41.1,24,36.0,24,9999.9,0,993.3,24,7.8,24,4.1,24,11.1,14.0,46.8,37.0,99.99,999.9,010000
722076,94891,20150321,45.4,24,38.5,24,9999.9,0,993.3,24,7.2,24,8.8,24,13.0,17.1,58.8,35.6,0.00I,999.9,000000
722076,94891,20150322,41.2,24,30.0,24,9999.9,0,996.1,24,10.0,24,7.0,24,12.0,18.1,51.4,29.7,0.00I,999.9,000000
722076,94891,20150323,33.6,24,24.6,24,9999.9,0,995.6,19,9.8,24,8.9,24,17.1,21.0,42.8,30.2,0.03A,999.9,011000
722076,94891,20150324,32.1,24,26.5,24,9999.9,0,996.2,24,9.8,24,9.6,24,13.0,17.1,43.9,24.8,99.99,999.9,010000
722076,94891,20150325,43.4,24,40.2,24,9999.9,0,988.6,24,6.1,24,9.9,24,18.1,26.0,47.1,40.1,0.50G,999.9,010000
722076,94891,20150326,39.7,24,35.2,24,9999.9,0,989.8,24,7.9,24,7.9,24,15.9,21.0,46.2,33.4,0.32G,999.9,010000
722076,94891,20150327,30.8,24,24.5,24,9999.9,0,992.1,24,9.0,24,7.6,24,15.0,18.1,39.9,27.1,0.00G,999.9,001000
722076,94891,20150328,25.9,24,14.4,24,9999.9,0,998.2,24,10.0,24,4.6,24,8.9,999.9,38.1,16.5,0.00I,999.9,000000
722076,94891,20150329,33.3,24,22.1,24,9999.9,0,995.7,24,10.0,24,9.2,24,26.0,29.9,45.0,25.3,0.07B,999.9,010000
722076,94891,20150330,46.2,24,34.9,24,9999.9,0,990.8,23,10.0,24,9.3,24,17.1,24.1,61.9,34.9,0.00I,999.9,000000
722076,94891,20150331,53.5,24,37.0,24,9999.9,0,986.2,23,10.0,24,12.4,24,18.1,24.1,61.7,46.4,0.00I,999.9,000000
722076,94891,20150401,51.1,24,37.2,24,9999.9,0,990.9,18,10.0,24,6.5,24,13.0,17.1,70.2,37.6,0.00I,999.9,000000
722076,94891,20150402,59.5,24,46.1,24,9999.9,0,983.8,24,9.8,24,12.2,24,22.0,26.0,70.2,53.1,99.99,999.9,010000
722076,94891,20150403,50.7,24,44.7,24,9999.9,0,985.6,24,8.5,24,7.8,24,20.0,29.9,60.8,44.2,0.06A,999.9,010000
722076,94891,20150404,40.4,24,29.3,24,9999.9,0,997.7,24,9.5,24,8.5,24,17.1,22.0,57.0,26.4,0.00I,999.9,000000
722076,94891,20150405,49.6,24,29.8,24,9999.9,0,995.4,24,10.0,24,11.7,24,18.1,24.1,63.9,36.9,0.00I,999.9,000000
722076,94891,20150406,53.1,24,39.0,24,9999.9,0,990.8,24,10.0,24,8.1,24,13.0,15.9,61.9,45.7,99.99,999.9,010000
722076,94891,20150407,57.3,24,56.1,24,9999.9,0,989.3,15,3.2,24,3.9,24,8.9,999.9,64.6,53.8,99.99,999.9,110000
722076,94891,20150408,61.5,24,58.1,24,9999.9,0,987.5,24,5.0,24,7.8,24,17.1,29.9,74.7*,51.4*,0.45G,999.9,010000
722076,94891,20150409,66.4,24,60.8,24,9999.9,0,982.5,24,7.1,24,12.8,24,22.9,32.1,75.0*,60.4*,1.42G,999.9,010000
722076,94891,20150410,56.7,24,45.4,24,9999.9,0,983.9,24,9.4,24,20.1,24,28.9,38.1,71.4*,41.4*,0.44G,999.9,010000
722076,94891,20150411,46.5,24,33.2,24,9999.9,0,996.9,24,9.5,24,5.4,24,20.0,28.0,61.0*,32.0*,0.00G,999.9,000000
722076,94891,20150412,53.8,24,36.0,24,9999.9,0,995.0,24,10.0,24,5.5,24,11.1,14.0,65.7*,43.2*,0.00I,999.9,000000
722076,94891,20150413,59.2,8,40.1,8,9999.9,0,989.7,8,10.0,8,5.5,8,8.0,999.9,61.9*,56.7*,0.00I,999.9,000000
722076,94891,20150416,56.0,24,50.0,24,9999.9,0,992.8,24,6.8,24,5.3,24,18.1,26.0,63.7*,50.0*,0.61G,999.9,010000
722076,94891,20150417,58.5,24,50.4,24,9999.9,0,993.0,24,3.8,24,1.2,24,6.0,999.9,74.5*,45.0*,0.00G,999.9,100000
722076,94891,20150418,64.2,24,49.2,24,9999.9,0,990.6,24,9.4,24,3.2,24,12.0,15.0,77.7*,50.4*,0.00I,999.9,000000
722076,94891,20150419,58.4,24,49.5,24,9999.9,0,982.1,24,8.8,24,6.7,24,11.1,15.9,70.5*,53.8*,0.28B,999.9,010000
722076,94891,20150420,52.4,24,48.0,24,9999.9,0,971.6,24,7.8,24,14.6,24,24.1,38.1,58.3*,46.4*,0.01A,999.9,010000
722076,94891,20150421,48.0,24,31.8,24,9999.9,0,980.7,24,10.0,24,15.1,24,29.9,38.1,59.5*,38.3*,0.00I,999.9,000000
722076,94891,20150422,44.0,24,30.6,24,9999.9,0,983.6,24,10.0,24,12.4,24,26.0,33.0,55.4*,34.5*,0.12G,999.9,010000
722076,94891,20150423,43.5,24,21.2,24,9999.9,0,989.8,24,10.0,24,8.8,24,14.0,21.0,55.9*,32.0*,0.00G,999.9,000000
722076,94891,20150424,45.5,24,26.4,24,9999.9,0,991.5,24,10.0,24,3.4,24,9.9,14.0,60.1*,29.1*,0.00I,999.9,000000
722076,94891,20150425,50.2,24,41.7,24,9999.9,0,981.1,24,9.0,24,8.3,24,17.1,25.1,56.8*,45.1*,0.04G,999.9,010000
722076,94891,20150426,45.9,24,37.6,24,9999.9,0,985.2,24,9.3,24,10.7,24,18.1,24.1,55.9*,36.5*,0.75G,999.9,010000
722076,94891,20150427,45.3,24,33.6,24,9999.9,0,991.1,24,10.0,24,12.0,24,21.0,28.0,56.5*,35.1*,0.00G,999.9,000000
722076,94891,20150428,46.9,24,35.4,24,9999.9,0,993.2,24,10.0,24,5.4,24,12.0,15.0,63.1*,33.4*,0.00I,999.9,000000
722076,94891,20150429,52.3,24,38.6,24,9999.9,0,987.7,23,10.0,24,5.7,24,15.0,18.1,68.0,36.9,0.00I,999.9,000000
722076,94891,20150430,50.1,24,37.0,24,9999.9,0,986.3,22,10.0,24,8.4,24,18.1,24.1,61.0,39.2,99.99,999.9,010000
722076,94891,20150501,49.5,24,36.7,24,9999.9,0,994.0,18,10.0,24,4.5,24,12.0,14.0,70.5,34.3,0.00I,999.9,000000
722076,94891,20150502,60.6,24,43.2,24,9999.9,0,992.9,24,9.8,24,3.9,24,9.9,15.9,75.4,46.4,0.00I,999.9,000000
722076,94891,20150503,66.7,24,44.5,24,9999.9,0,990.6,24,10.0,24,8.5,24,18.1,24.1,81.7,54.9,0.00I,999.9,000000
722076,94891,20150504,65.9,24,52.7,24,9999.9,0,991.9,24,9.5,24,9.3,24,21.0,35.0,77.4,57.2,0.21B,999.9,010000
722076,94891,20150505,68.9,24,58.0,24,9999.9,0,995.1,24,8.5,24,6.6,24,14.0,20.0,85.6,59.4,0.00I,999.9,000000
722076,94891,20150506,71.0,24,55.3,24,9999.9,0,994.9,24,9.4,24,4.5,24,13.0,15.0,86.0,58.3,0.00I,999.9,000000
722076,94891,20150507,73.6,24,53.4,24,9999.9,0,992.0,24,9.8,24,6.8,24,18.1,27.0,86.4,59.2,0.00I,999.9,000000
722076,94891,20150508,72.2,24,57.7,24,9999.9,0,989.4,24,10.0,24,7.4,24,15.9,22.0,86.5,61.2,0.07A,999.9,010000
722076,94891,20150509,67.1,24,63.5,24,9999.9,0,990.4,24,7.7,24,3.7,24,9.9,14.0,75.4,62.8,0.07B,999.9,010000
722076,94891,20150510,68.2,24,65.1,24,9999.9,0,989.9,24,7.4,24,6.0,24,14.0,19.0,78.8,63.0,0.21G,999.9,010000
722076,94891,20150511,65.8,24,62.3,24,9999.9,0,987.9,24,9.5,24,9.5,24,22.0,31.1,75.4,61.9,0.41G,999.9,010000
722076,94891,20150512,55.2,24,45.0,24,9999.9,0,992.1,24,10.0,24,12.3,24,21.0,28.9,67.3,47.3,0.00G,999.9,000000
722076,94891,20150513,51.4,24,41.2,24,9999.9,0,1001.5,24,10.0,24,5.5,24,11.1,15.9,62.6,39.2,0.00I,999.9,000000
722076,94891,20150514,56.3,24,45.6,24,9999.9,0,999.9,24,10.0,24,7.1,24,11.1,15.0,70.2,47.3,0.00I,999.9,000000
722076,94891,20150515,67.2,24,59.4,24,9999.9,0,991.4,24,8.8,24,8.7,24,19.0,35.9,82.6,58.3,0.29G,999.9,010000
722076,94891,20150516,67.3,24,64.9,24,9999.9,0,991.1,24,8.6,24,5.8,24,11.1,15.9,76.3,63.5,0.89G,999.9,010000
722076,94891,20150517,70.5,24,66.8,24,9999.9,0,990.0,24,6.5,24,11.3,24,21.0,29.9,78.8,64.9,0.28G,999.9,010000
722076,94891,20150518,73.5,24,66.1,24,9999.9,0,991.0,24,6.2,24,10.2,24,15.0,24.1,83.1,66.4,0.00G,999.9,000000
722076,94891,20150519,54.7,24,42.5,24,9999.9,0,995.9,24,9.6,24,9.1,24,13.0,18.1,73.4,42.8,0.00I,999.9,000000
722076,94891,20150520,47.3,24,37.6,24,9999.9,0,995.7,24,10.0,24,7.5,24,11.1,15.0,57.4,42.8,99.99,999.9,010000
722076,94891,20150521,49.5,24,40.1,24,9999.9,0,993.6,24,9.0,24,7.7,24,14.0,17.1,65.5,42.8,99.99,999.9,010000
722076,94891,20150522,59.7,24,43.3,24,9999.9,0,994.9,24,9.4,24,4.4,24,8.0,14.0,75.4,47.3,0.00I,999.9,000000
722076,94891,20150523,67.6,24,43.0,24,9999.9,0,999.3,24,9.8,24,5.8,24,13.0,18.1,80.1,56.3,0.00I,999.9,000000
722076,94891,20150524,71.6,24,53.3,24,9999.9,0,995.2,24,9.4,24,8.6,24,20.0,25.1,84.7,62.1,0.00I,999.9,000000
722076,94891,20150525,75.3,24,62.8,24,9999.9,0,988.9,24,9.6,24,15.6,24,24.1,32.1,82.0,68.2,0.03G,999.9,010000
722076,94891,20150526,70.6,24,64.6,24,9999.9,0,988.4,24,8.2,24,12.3,24,22.0,36.9,78.3,65.3,0.00G,999.9,010000
722076,94891,20150527,70.7,24,62.1,24,9999.9,0,989.5,24,9.4,24,11.0,24,19.0,22.9,80.1,64.4,0.20G,999.9,010000
722076,94891,20150528,69.4,24,54.3,24,9999.9,0,995.0,24,8.7,24,5.3,24,12.0,15.0,84.9,52.3,0.00G,999.9,000000
722076,94891,20150529,75.6,24,63.2,24,9999.9,0,991.9,24,7.5,24,6.8,24,15.0,21.0,86.7,65.3,0.00I,999.9,000000
722076,94891,20150530,71.0,24,65.6,24,9999.9,0,989.2,23,7.8,24,4.6,24,20.0,25.1,80.8,55.8,0.15G,999.9,010000
722076,94891,20150531,52.1,24,50.8,24,9999.9,0,990.7,22,6.4,24,13.2,24,18.1,24.1,57.0,49.1,1.03G,999.9,010000
722076,94891,20150601,56.0,24,51.4,24,9999.9,0,995.5,18,9.6,24,6.9,24,11.1,15.0,66.4,52.0,0.00G,999.9,000000
722076,94891,20150602,59.2,24,51.3,24,9999.9,0,994.9,24,9.2,24,4.8,24,8.0,999.9,71.6,47.5,0.00I,999.9,000000
722076,94891,20150603,62.4,24,53.6,24,9999.9,0,992.2,24,8.0,24,4.1,24,8.9,999.9,74.1,50.9,0.00I,999.9,000000
722076,94891,20150604,66.4,24,57.1,24,9999.9,0,990.9,24,6.2,24,4.3,24,9.9,999.9,80.6,53.1,99.99,999.9,010000
722076,94891,20150605,73.4,24,64.3,24,9999.9,0,990.9,24,6.4,24,4.7,24,15.9,22.9,81.9*,64.6*,99.99,999.9,010000
722076,94891,20150606,63.3,24,55.2,24,9999.9,0,992.9,24,7.6,24,7.8,24,15.0,21.0,76.5*,52.9*,99.99,999.9,010000
722076,94891,20150607,72.4,24,62.3,24,9999.9,0,987.1,24,7.4,24,7.7,24,21.0,27.0,89.6*,60.8*,99.99,999.9,010000
722076,94891,20150608,70.0,24,65.7,24,9999.9,0,982.9,24,8.0,24,10.9,24,19.0,32.1,80.4*,64.6*,99.99,999.9,010000
722076,94891,20150609,70.4,24,60.8,24,9999.9,0,984.3,24,6.5,24,4.7,24,15.0,24.1,83.3,58.1,0.04A,999.9,110000
722076,94891,20150610,76.9,24,66.0,24,9999.9,0,984.1,18,7.3,24,8.4,24,15.9,21.0,88.7,68.0,0.00I,999.9,000000
722076,94891,20150611,79.4,24,67.8,24,9999.9,0,984.7,24,8.5,24,8.4,24,14.0,18.1,88.5*,68.9*,99.99,999.9,010000
722076,94891,20150612,77.9,24,70.3,24,9999.9,0,984.1,24,8.6,24,8.1,24,27.0,33.0,87.8,69.8,0.06B,999.9,010000
722076,94891,20150613,75.0,24,70.5,24,9999.9,0,988.0,24,7.8,24,4.7,24,14.0,22.0,86.2,68.0,0.09A,999.9,010000
722076,94891,20150614,75.6,24,71.3,24,9999.9,0,988.9,24,8.4,24,8.7,24,17.1,21.0,80.2,71.6,0.04A,999.9,010000
722076,94891,20150615,76.6,24,72.1,24,9999.9,0,989.3,24,9.4,24,7.4,24,14.0,20.0,85.6,69.8,99.99,999.9,010000
722076,94891,20150616,72.9,24,68.0,24,9999.9,0,991.4,24,8.3,24,6.7,24,15.0,22.9,81.5,66.2,0.30G,999.9,010000
722076,94891,20150617,70.6,21,66.1,21,9999.9,0,991.1,21,9.1,21,5.7,21,14.0,21.0,77.0,62.2,0.00G,999.9,010000
722076,94891,20150618,73.9,24,70.4,24,9999.9,0,989.8,24,6.9,24,7.3,24,20.0,28.9,82.8,66.6,0.05G,999.9,010000
722076,94891,20150619,69.2,24,67.4,24,9999.9,0,989.8,24,5.6,24,4.8,24,12.0,15.9,73.4,64.0,0.42G,999.9,010000
722076,94891,20150620,70.0,24,67.2,24,9999.9,0,985.9,24,5.8,24,6.3,24,11.1,18.1,79.5,65.7,0.01G,999.9,000000
722076,94891,20150621,72.4,24,68.1,24,9999.9,0,987.0,24,6.8,24,6.3,24,20.0,28.0,81.9,64.9,0.48G,999.9,010000
722076,94891,20150622,76.1,24,72.4,24,9999.9,0,988.8,24,6.1,24,8.5,24,17.1,25.1,84.6,69.3,0.00G,999.9,000000
722076,94891,20150623,77.5,24,67.6,24,9999.9,0,988.8,24,6.9,24,8.7,24,20.0,25.1,82.8,71.1,99.99,999.9,010000
722076,94891,20150624,67.6,24,61.9,24,9999.9,0,994.6,24,7.9,24,2.4,24,9.9,999.9,75.2,59.5,99.99,999.9,010000
722076,94891,20150625,70.4,24,66.4,24,9999.9,0,990.6,24,7.3,24,3.8,24,13.0,15.9,79.3,64.0,0.78G,999.9,010000
722076,94891,20150626,69.8,24,68.6,24,9999.9,0,987.7,24,5.6,24,3.6,24,8.9,14.0,76.3,66.6,0.00G,999.9,010000
722076,94891,20150627,65.8,24,59.9,24,9999.9,0,986.9,24,7.9,24,10.3,24,15.9,22.0,73.8,58.3,0.82G,999.9,010000
722076,94891,20150628,63.8,24,56.1,24,9999.9,0,988.1,24,8.5,24,4.0,24,8.9,999.9,76.3,51.8,0.00G,999.9,010000
722076,94891,20150629,67.3,24,64.3,24,9999.9,0,983.6,22,6.9,24,3.9,24,8.0,17.1,76.1,63.0,0.35G,999.9,010000
722076,94891,20150630,69.0,24,63.9,24,9999.9,0,984.3,22,5.9,24,5.1,24,9.9,15.0,79.7,60.8,0.13G,999.9,110000
722076,94891,20150701,66.4,24,62.1,24,9999.9,0,987.3,18,6.1,24,3.1,24,7.0,999.9,76.1,59.0,0.00G,999.9,010000
722076,94891,20150702,70.7,11,61.6,11,9999.9,0,987.3,11,8.4,11,6.8,11,8.9,15.0,76.1*,61.7*,0.00I,999.9,000000
722076,94891,20150703,68.0,24,61.8,24,9999.9,0,987.3,24,7.1,24,5.7,24,8.9,999.9,76.5,61.3,99.99,999.9,010000
722076,94891,20150704,67.0,24,59.9,24,9999.9,0,989.2,24,5.9,24,1.2,24,5.1,999.9,78.4,54.3,99.99,999.9,010000
722076,94891,20150705,68.7,24,62.7,24,9999.9,0,992.0,24,4.7,24,0.0,24,5.1,999.9,81.5,57.2,0.00I,999.9,000000
722076,94891,20150706,72.9,24,68.3,24,9999.9,0,990.7,24,4.2,24,4.5,24,12.0,17.1,84.4,62.4,0.00I,999.9,100000
722076,94891,20150707,72.0,24,67.9,24,9999.9,0,987.5,24,6.6,24,8.1,24,15.9,19.0,81.1,60.8,0.01A,999.9,010000
722076,94891,20150708,57.0,24,54.1,24,9999.9,0,992.3,24,8.9,24,3.3,24,11.1,15.0,64.4,52.2,0.48A,999.9,010000
722076,94891,20150709,64.8,24,63.8,24,9999.9,0,988.6,24,6.2,24,8.0,24,15.0,22.9,72.0,61.0,0.14A,999.9,010000
722076,94891,20150710,67.1,24,63.4,24,9999.9,0,993.3,24,4.7,24,1.0,24,6.0,999.9,76.1,62.6,99.99,999.9,010000
722076,94891,20150711,66.0,24,62.5,24,9999.9,0,994.7,24,5.5,24,2.5,24,8.0,999.9,77.4,55.4,99.99,999.9,010000
722076,94891,20150712,74.1,24,71.3,24,9999.9,0,989.8,24,5.9,24,3.9,24,8.9,14.0,82.6,68.4,0.44G,999.9,010000
722076,94891,20150713,75.4,24,72.6,24,9999.9,0,984.5,24,6.4,24,4.2,24,19.0,35.0,87.8,67.1,0.00G,999.9,010000
722076,94891,20150714,78.8,24,72.7,24,9999.9,0,978.5,24,7.7,24,8.3,24,15.9,22.0,85.3,68.9,0.41G,999.9,010000
722076,94891,20150715,67.9,24,63.2,24,9999.9,0,987.3,24,6.8,24,5.1,24,13.0,20.0,79.0,60.1,0.00G,999.9,010000
722076,94891,20150716,70.2,24,65.9,24,9999.9,0,989.9,24,6.8,24,4.5,24,12.0,15.0,80.6,62.6,99.99,999.9,010000
722076,94891,20150717,79.8,24,73.4,24,9999.9,0,985.0,24,6.8,24,8.7,24,12.0,21.0,88.9,73.6,99.99,999.9,010000
722076,94891,20150718,78.6,24,73.9,24,9999.9,0,986.5,24,7.3,24,6.1,24,13.0,20.0,89.6,69.1,99.99,999.9,010000
722076,94891,20150719,77.5,24,73.7,24,9999.9,0,987.1,24,7.0,24,5.0,24,11.1,17.1,84.7,72.5,99.99,999.9,010000
722076,94891,20150720,75.1,24,70.8,24,9999.9,0,985.8,24,7.3,24,3.3,24,11.1,15.9,82.2,65.3,0.30A,999.9,110000
722076,94891,20150721,71.6,24,65.8,24,9999.9,0,984.6,24,5.8,24,4.6,24,8.0,15.0,80.2,64.4,2.48G,999.9,110000
722076,94891,20150722,67.5,24,59.3,24,9999.9,0,989.1,24,8.4,24,0.4,24,2.9,999.9,80.2,55.0,0.00G,999.9,000000
722076,94891,20150723,69.8,24,62.2,24,9999.9,0,990.0,24,8.1,24,1.3,24,6.0,999.9,81.7,57.6,0.00I,999.9,000000
722076,94891,20150724,70.7,24,64.0,24,9999.9,0,990.8,24,8.3,24,1.7,24,8.0,999.9,83.3,58.6,0.00I,999.9,000000
722076,94891,20150725,72.7,24,68.2,24,9999.9,0,988.8,24,6.9,24,2.3,24,8.0,999.9,85.3,62.8,0.00I,999.9,000000
722076,94891,20150726,75.2,24,72.3,24,9999.9,0,988.0,24,7.1,24,1.6,24,9.9,999.9,83.7,68.0,0.08A,999.9,010000
722076,94891,20150727,73.5,24,70.8,24,9999.9,0,988.7,24,4.4,24,2.5,24,13.0,17.1,84.9,67.1,0.34G,999.9,010000
722076,94891,20150728,78.2,24,73.4,24,9999.9,0,988.9,24,5.7,24,2.4,24,5.1,999.9,89.2,69.1,0.00G,999.9,000000
722076,94891,20150729,76.8,24,73.3,24,9999.9,0,989.1,24,7.4,24,2.7,24,9.9,15.0,85.8,70.7,0.07G,999.9,010000
722076,94891,20150730,72.9,24,62.0,24,9999.9,0,992.5,23,7.3,24,6.1,24,12.0,15.0,84.2,61.3,0.00G,999.9,000000
722076,94891,20150731,73.6,24,65.4,24,9999.9,0,991.8,23,7.2,24,5.2,24,13.0,22.9,86.0,63.5,0.00I,999.9,000000
722076,94891,20150801,71.7,24,61.0,24,9999.9,0,990.4,18,8.7,24,4.8,24,7.0,999.9,82.4,59.9,0.00I,999.9,000000
722076,94891,20150802,72.6,24,66.1,24,9999.9,0,987.6,24,8.3,24,5.2,24,15.0,20.0,87.3,59.9,0.00I,999.9,000000
722076,94891,20150803,77.9,24,69.5,24,9999.9,0,983.9,24,8.8,24,6.4,24,8.9,17.1,85.1,69.1,0.00I,999.9,000000
722076,94891,20150804,68.0,24,59.4,24,9999.9,0,988.8,24,9.3,24,3.3,24,8.9,999.9,80.1,53.6,0.00I,999.9,000000
722076,94891,20150805,69.8,24,62.4,24,9999.9,0,990.9,24,9.9,24,2.5,24,7.0,999.9,81.7,57.4,0.00I,999.9,000000
722076,94891,20150806,69.8,24,63.5,24,9999.9,0,987.5,24,10.0,24,6.5,24,12.0,15.9,77.4,63.5,0.06G,999.9,010000
722076,94891,20150807,66.8,24,60.3,24,9999.9,0,987.5,24,7.8,24,2.1,24,5.1,999.9,79.9,55.4,0.00G,999.9,000000
722076,94891,20150808,69.8,24,66.0,24,9999.9,0,987.7,24,8.4,24,1.7,24,7.0,999.9,83.5,59.4,0.00I,999.9,000000
722076,94891,20150809,71.9,24,70.5,24,9999.9,0,988.9,24,3.9,24,2.2,24,8.0,999.9,80.8,65.7,0.06A,999.9,110000
722076,94891,20150810,74.4,24,71.4,24,9999.9,0,985.9,24,3.6,24,3.7,24,11.1,15.9,83.1,67.1,99.99,999.9,010000
722076,94891,20150811,71.9,24,66.1,24,9999.9,0,989.3,24,7.1,24,4.2,24,8.9,999.9,81.1*,63.1*,0.00I,999.9,000000
722076,94891,20150812,67.8,24,60.8,24,9999.9,0,994.4,24,9.3,24,2.8,24,7.0,999.9,80.2,54.7,0.00I,999.9,000000
722076,94891,20150813,68.0,24,61.3,24,9999.9,0,994.4,24,8.8,24,1.9,24,7.0,999.9,81.9,55.2,0.00I,999.9,000000
722076,94891,20150814,70.9,24,66.0,24,9999.9,0,994.6,24,7.2,24,2.4,24,8.0,999.9,85.3,61.3,0.00I,999.9,000000
722076,94891,20150815,74.0,24,68.1,24,9999.9,0,994.6,24,7.8,24,1.7,24,9.9,18.1,86.7,61.0,99.99,999.9,010000
722076,94891,20150816,74.8,24,69.4,24,9999.9,0,994.2,24,5.7,24,1.9,24,8.9,999.9,86.4,64.4,99.99,999.9,010000
722076,94891,20150817,72.9,24,67.8,24,9999.9,0,992.5,24,6.1,24,2.7,24,15.9,25.1,85.3,63.5,0.01A,999.9,110000
722076,94891,20150818,70.3,24,68.2,24,9999.9,0,987.5,24,5.9,24,3.6,24,7.0,999.9,81.0,65.5,0.21G,999.9,010000
722076,94891,20150819,72.0,24,68.0,24,9999.9,0,982.3,24,7.8,24,7.6,24,21.0,29.9,79.0,67.3,0.71G,999.9,010000
722076,94891,20150820,65.6,24,55.8,24,9999.9,0,986.3,24,9.6,24,9.1,24,15.9,22.0,75.2,56.3,0.00G,999.9,000000
722076,94891,20150821,63.2,24,55.7,24,9999.9,0,993.1,24,9.5,24,2.2,24,7.0,999.9,78.8,50.0,0.00I,999.9,000000
722076,94891,20150822,65.2,24,59.1,24,9999.9,0,993.4,24,8.8,24,2.8,24,11.1,15.0,78.1,52.7,0.00I,999.9,000000
722076,94891,20150823,68.7,24,64.5,24,9999.9,0,988.5,24,8.3,24,5.6,24,13.0,17.1,78.8,59.9,99.99,999.9,010000
722076,94891,20150824,64.0,23,52.6,23,9999.9,0,990.0,23,9.5,23,7.2,23,14.0,21.0,74.5,50.9,0.00I,999.9,000000
722076,94891,20150825,62.7,24,53.1,24,9999.9,0,990.9,24,9.9,24,5.9,24,11.1,19.0,73.4,52.3,0.00I,999.9,000000
722076,94891,20150826,65.5,24,58.4,24,9999.9,0,993.3,24,9.5,24,3.1,24,8.9,14.0,73.4,59.7,0.00I,999.9,000000
722076,94891,20150827,61.2,24,55.4,24,9999.9,0,995.5,24,7.2,24,3.1,24,6.0,999.9,76.5,49.1,0.00I,999.9,000000
722076,94891,20150828,65.4,24,59.2,24,9999.9,0,994.3,24,7.3,24,3.0,24,8.0,999.9,78.6,54.0,0.00I,999.9,000000
722076,94891,20150829,68.6,24,63.9,24,9999.9,0,991.8,24,9.0,24,4.0,24,8.9,999.9,79.7,61.0,99.99,999.9,010000
722076,94891,20150830,71.6,24,66.7,24,9999.9,0,991.3,23,5.4,24,2.1,24,7.0,999.9,84.2,59.9,99.99,999.9,110000
722076,94891,20150831,73.6,24,68.4,24,9999.9,0,991.9,23,5.0,24,2.3,24,8.9,999.9,86.0,62.8,0.00I,999.9,100000
722076,94891,20150901,71.3,24,68.2,24,9999.9,0,993.1,18,5.5,24,3.3,24,8.0,999.9,82.4,66.2,0.02A,999.9,010000
722076,94891,20150902,75.3,24,69.2,24,9999.9,0,992.5,24,5.3,24,2.9,24,8.0,999.9,88.9,64.0,99.99,999.9,010000
722076,94891,20150903,76.7,24,68.8,24,9999.9,0,989.7,24,6.0,24,3.3,24,13.0,15.9,90.7,65.1,0.00I,999.9,000000
722076,94891,20150904,77.3,24,69.3,24,9999.9,0,989.4,24,6.4,24,2.7,24,15.0,28.0,91.8,64.0,0.01A,999.9,010000
722076,94891,20150905,71.3,24,67.1,24,9999.9,0,993.1,24,6.9,24,3.0,24,13.0,29.9,85.5,63.5,1.10G,999.9,010000
722076,94891,20150906,76.0,24,68.0,24,9999.9,0,993.1,24,6.6,24,2.9,24,7.0,999.9,91.0,63.1,0.00G,999.9,000000
722076,94891,20150907,77.2,24,68.3,24,9999.9,0,990.9,24,6.3,24,3.8,24,9.9,999.9,91.4,65.3,0.00I,999.9,000000
722076,94891,20150908,75.2,24,68.2,24,9999.9,0,988.3,24,6.2,24,5.4,24,15.9,22.9,90.5,67.1,0.90A,999.9,010000
722076,94891,20150909,70.5,24,67.4,24,9999.9,0,988.1,24,8.1,24,3.6,24,7.0,999.9,78.8,67.6,99.99,999.9,010000
722076,94891,20150910,66.7,24,60.0,24,9999.9,0,988.4,24,7.9,24,3.1,24,19.0,28.0,81.3,54.7,99.99,999.9,010000
722076,94891,20150911,61.7,24,59.9,24,9999.9,0,987.8,24,8.0,24,3.2,24,11.1,14.0,67.1,58.1,0.26G,999.9,010000
722076,94891,20150912,56.6,24,50.9,24,9999.9,0,990.1,24,10.0,24,7.0,24,14.0,20.0,65.8,49.5,0.16G,999.9,010000
722076,94891,20150913,55.3,24,45.4,24,9999.9,0,991.7,24,10.0,24,4.4,24,8.0,999.9,71.4,44.6,0.00G,999.9,000000
722076,94891,20150914,59.6,24,49.2,24,9999.9,0,993.3,24,10.0,24,5.3,24,13.0,20.0,79.2,44.6,0.00I,999.9,000000
722076,94891,20150915,67.3,24,52.2,24,9999.9,0,997.1,24,10.0,24,5.6,24,13.0,17.1,81.3,53.8,0.00I,999.9,000000
722076,94891,20150916,65.1,24,53.9,24,9999.9,0,997.8,24,10.0,24,3.9,24,9.9,15.0,82.8,50.0,0.00I,999.9,000000
722076,94891,20150917,67.8,24,57.9,24,9999.9,0,993.3,24,9.2,24,5.0,24,12.0,18.1,84.6,53.1,0.00I,999.9,000000
722076,94891,20150918,72.1,24,65.2,24,9999.9,0,987.1,24,8.8,24,6.4,24,12.0,17.1,83.5,65.7,0.34G,999.9,010000
722076,94891,20150919,66.7,24,62.0,24,9999.9,0,986.5,24,8.8,24,7.3,24,15.9,22.9,72.7,59.4,0.00G,999.9,010000
722076,94891,20150920,58.3,24,48.0,24,9999.9,0,994.7,24,9.1,24,3.1,24,7.0,999.9,74.1,44.8,0.00I,999.9,000000
722076,94891,20150921,59.2,24,46.8,24,9999.9,0,994.1,24,9.8,24,2.8,24,8.0,999.9,76.5,44.6,0.00I,999.9,000000
722076,94891,20150922,59.8,24,47.9,24,9999.9,0,995.2,24,9.8,24,1.0,24,4.1,999.9,80.6,44.6,0.00I,999.9,000000
722076,94891,20150923,63.8,24,50.6,24,9999.9,0,997.0,24,9.9,24,2.0,24,5.1,999.9,83.5,47.3,0.00I,999.9,000000
722076,94891,20150924,67.2,24,54.2,24,9999.9,0,996.8,24,9.6,24,4.5,24,9.9,14.0,81.9,54.1,0.00I,999.9,000000
722076,94891,20150925,66.9,24,54.1,24,9999.9,0,995.7,24,9.8,24,6.2,24,13.0,17.1,83.1,52.9,0.00I,999.9,000000
722076,94891,20150926,65.4,24,54.2,24,9999.9,0,996.0,24,10.0,24,6.6,24,12.0,18.1,76.1,55.9,99.99,999.9,010000
722076,94891,20150927,67.7,24,60.9,24,9999.9,0,993.8,24,9.8,24,3.8,24,6.0,999.9,79.2,60.3,0.00I,999.9,000000
722076,94891,20150928,71.4,24,63.9,24,9999.9,0,990.8,24,9.3,24,3.2,24,7.0,999.9,83.1,61.5,0.00I,999.9,000000
722076,94891,20150929,66.6,21,63.2,21,9999.9,0,988.6,19,8.9,21,3.3,21,12.0,21.0,73.8,61.7,99.99,999.9,010000
722076,94891,20150930,59.7,24,47.5,24,9999.9,0,992.4,22,10.0,24,10.1,24,14.0,20.0,69.3,49.1,0.00I,999.9,000000
722076,94891,20151001,54.0,24,41.9,24,9999.9,0,996.3,18,10.0,24,8.9,24,15.9,21.0,67.1,41.7,0.00I,999.9,000000
722076,94891,20151002,52.6,24,40.1,24,9999.9,0,996.7,24,10.0,24,10.1,24,17.1,27.0,68.9,43.2,0.00I,999.9,000000
722076,94891,20151003,50.1,23,41.5,23,9999.9,0,993.7,23,9.6,23,10.5,23,17.1,24.1,57.0*,45.0*,0.02G,999.9,010000
722076,94891,20151004,54.0,24,49.1,24,9999.9,0,993.2,24,7.5,24,8.0,24,12.0,20.0,70.2,46.8,0.00G,999.9,010000
722076,94891,20151005,59.0,24,54.7,24,9999.9,0,993.9,24,5.6,24,5.2,24,8.0,999.9,74.7,50.2,0.00I,999.9,100000
722076,94891,20151006,59.3,24,56.1,24,9999.9,0,994.2,24,4.2,24,5.1,24,8.0,999.9,70.7,53.8,0.00I,999.9,100000
722076,94891,20151007,60.4,24,52.4,24,9999.9,0,994.1,24,4.8,24,1.9,24,6.0,999.9,79.0,49.5,0.00I,999.9,100000
722076,94891,20151008,63.3,24,55.0,24,9999.9,0,991.8,24,9.2,24,3.4,24,12.0,18.1,79.3,50.0,99.99,999.9,010000
722076,94891,20151009,60.7,24,55.8,24,9999.9,0,990.9,24,8.5,24,6.8,24,14.0,22.0,66.6,55.4,0.01G,999.9,010000
722076,94891,20151010,51.9,24,43.0,24,9999.9,0,996.3,24,9.8,24,3.1,24,8.0,999.9,67.1,37.0,0.00G,999.9,000000
722076,94891,20151011,54.8,24,44.0,24,9999.9,0,988.4,24,10.0,24,4.8,24,12.0,18.1,77.4,39.9,0.00I,999.9,000000
722076,94891,20151012,65.1,24,49.0,24,9999.9,0,979.1,24,9.6,24,8.2,24,13.0,20.0,78.4,57.6,0.00I,999.9,000000
722076,94891,20151013,57.9,24,42.2,24,9999.9,0,979.6,24,10.0,24,8.2,24,13.0,19.0,66.2,50.2,0.00I,999.9,000000
722076,94891,20151014,52.2,24,38.7,24,9999.9,0,987.9,24,9.9,24,5.3,24,11.1,15.0,66.4,40.3,0.00I,999.9,000000
722076,94891,20151015,49.7,24,36.5,24,9999.9,0,991.6,24,9.3,24,3.8,24,15.9,22.0,74.7,35.2,0.00I,999.9,000000
722076,94891,20151016,50.4,24,29.9,24,9999.9,0,997.0,24,9.8,24,7.9,24,15.9,21.0,61.0,36.7,0.00I,999.9,000000
722076,94891,20151017,41.2,24,25.2,24,9999.9,0,1002.3,24,9.9,24,7.6,24,15.0,21.0,52.3,31.8,0.00I,999.9,000000
722076,94891,20151018,42.0,24,25.6,24,9999.9,0,1005.1,24,10.0,24,3.3,24,9.9,14.0,60.1,27.9,0.00I,999.9,000000
722076,94891,20151019,50.6,24,29.7,24,9999.9,0,1000.1,24,10.0,24,8.4,24,21.0,27.0,69.1,37.4,0.00I,999.9,000000
722076,94891,20151020,61.2,24,35.5,24,9999.9,0,995.4,24,10.0,24,11.7,24,15.9,22.9,74.8,50.4,0.00I,999.9,000000
722076,94891,20151021,65.0,24,44.1,24,9999.9,0,995.5,24,9.9,24,10.7,24,17.1,22.0,80.2,56.3,0.03G,999.9,000000
722076,94891,20151022,65.5,24,52.1,24,9999.9,0,996.0,24,9.0,24,6.9,24,12.0,15.0,74.8,56.1,0.00G,999.9,000000
722076,94891,20151023,59.2,24,47.3,24,9999.9,0,995.4,24,9.4,24,6.5,24,12.0,14.0,71.1,50.2,0.00I,999.9,000000
722076,94891,20151024,66.3,24,58.2,24,9999.9,0,987.7,24,9.9,24,12.5,24,22.9,28.9,72.1,55.8,99.99,999.9,010000
722076,94891,20151025,52.8,24,40.1,24,9999.9,0,997.9,24,9.9,24,8.7,24,14.0,22.9,63.1,41.5,0.00I,999.9,000000
722076,94891,20151026,51.4,24,33.3,24,9999.9,0,1000.9,24,10.0,24,7.4,24,14.0,20.0,65.1,40.1,0.00I,999.9,000000
722076,94891,20151027,51.0,24,42.5,24,9999.9,0,995.0,24,7.9,24,8.1,24,13.0,19.0,55.2,45.5,0.06G,999.9,010000
722076,94891,20151028,54.3,24,53.3,24,9999.9,0,976.9,24,6.9,24,12.1,24,22.0,28.0,58.1,51.3,1.15G,999.9,010000
722076,94891,20151029,41.4,24,35.2,24,9999.9,0,981.2,24,9.8,24,13.1,24,24.1,31.1,51.6,35.1,0.05G,999.9,010000
722076,94891,20151030,45.9,24,39.3,24,9999.9,0,992.3,24,9.9,24,4.8,24,11.1,15.9,54.5,40.6,0.00G,999.9,010000
722076,94891,20151031,48.0,24,41.4,24,9999.9,0,988.9,22,9.9,24,8.4,24,15.0,18.1,57.2,44.1,0.08A,999.9,010000
722076,94891,20151101,54.2,24,49.3,24,9999.9,0,988.1,18,9.0,24,7.7,24,12.0,18.1,66.4,45.3,0.04A,999.9,010000
722076,94891,20151102,54.6,24,46.1,24,9999.9,0,990.5,24,8.1,24,3.8,24,11.1,14.0,71.4,39.7,0.00I,999.9,100000
722076,94891,20151103,54.4,24,44.0,24,9999.9,0,992.9,24,8.3,24,1.8,24,6.0,999.9,72.7,38.7,0.00I,999.9,100000
722076,94891,20151104,57.4,24,48.9,24,9999.9,0,994.4,24,9.4,24,3.1,24,12.0,17.1,73.8,44.4,0.00I,999.9,000000
722076,94891,20151105,63.9,24,59.4,24,9999.9,0,992.3,24,8.3,24,7.5,24,19.0,25.1,71.1,58.8,99.99,999.9,010000
722076,94891,20151106,57.5,24,52.7,24,9999.9,0,988.3,24,8.9,24,13.7,24,22.0,28.9,64.4,47.3,0.04G,999.9,010000
722076,94891,20151107,44.5,24,36.2,24,9999.9,0,998.7,24,9.6,24,5.8,24,14.0,18.1,55.2,35.2,0.00G,999.9,000000
722076,94891,20151108,40.3,24,30.0,24,9999.9,0,1003.4,24,9.8,24,3.1,24,7.0,999.9,54.3,27.3,0.00I,999.9,000000
722076,94891,20151109,41.2,24,28.3,24,9999.9,0,998.6,24,10.0,24,2.2,24,7.0,999.9,56.8,28.8,0.00I,999.9,000000
722076,94891,20151110,43.1,24,33.3,24,9999.9,0,993.6,24,8.0,24,2.0,24,8.0,999.9,56.5,31.5,0.00I,999.9,100000
722076,94891,20151111,47.1,24,36.2,24,9999.9,0,987.9,24,10.0,24,6.0,24,21.0,27.0,65.3,36.5,0.00I,999.9,000000
722076,94891,20151112,51.4,24,42.8,24,9999.9,0,976.8,24,9.7,24,22.5,24,31.1,42.0,61.3,45.1,0.09G,999.9,010000
722076,94891,20151113,43.4,24,28.5,24,9999.9,0,991.8,24,10.0,24,15.9,24,22.9,33.0,49.1,36.0,0.00G,999.9,000000
722076,94891,20151114,38.7,24,23.8,24,9999.9,0,999.6,24,10.0,24,6.8,24,15.0,20.0,59.2,25.2,0.00I,999.9,000000
722076,94891,20151115,50.4,24,33.4,24,9999.9,0,999.6,24,10.0,24,9.3,24,15.0,20.0,66.4,36.0,0.00I,999.9,000000
722076,94891,20151116,48.2,24,34.2,24,9999.9,0,996.5,24,10.0,24,6.8,24,15.0,18.1,53.2,43.7,0.08A,999.9,010000
722076,94891,20151117,50.1,24,48.5,24,9999.9,0,989.7,24,9.0,24,12.4,24,19.0,28.0,58.5,44.2,0.52C,999.9,010000
722076,94891,20151118,59.2,24,52.7,24,9999.9,0,978.6,24,9.9,24,17.5,24,27.0,35.0,62.2,52.9,0.32A,999.9,010000
722076,94891,20151119,46.3,24,36.3,24,9999.9,0,986.0,24,10.0,24,13.7,24,24.1,35.0,52.9,39.6,0.00I,999.9,000000
722076,94891,20151120,37.7,24,20.7,24,9999.9,0,998.6,24,10.0,24,5.5,24,11.1,18.1,48.0,28.4,0.00I,999.9,000000
722076,94891,20151121,36.4,24,28.5,24,9999.9,0,990.5,24,6.5,24,7.3,24,20.0,27.0,43.0,28.9,0.41B,999.9,011000
722076,94891,20151122,19.7,24,14.9,24,9999.9,0,996.5,24,9.7,24,8.0,24,21.0,28.9,28.9,6.8,99.99,999.9,001000
722076,94891,20151123,30.9,24,22.5,24,9999.9,0,993.0,24,10.0,24,9.7,24,15.0,19.0,39.4,23.5,0.00I,999.9,000000
722076,94891,20151124,34.9,24,31.6,24,9999.9,0,998.3,24,8.4,24,3.2,24,8.0,999.9,49.5,23.9,0.00I,999.9,100000
722076,94891,20151125,44.9,24,34.8,24,9999.9,0,998.8,24,10.0,24,9.8,24,20.0,26.0,54.9,38.7,99.99,999.9,010000
722076,94891,20151126,54.8,24,44.8,24,9999.9,0,999.7,24,10.0,24,16.2,24,25.1,33.0,63.1,48.6,99.99,999.9,010000
722076,94891,20151127,54.7,24,49.3,24,9999.9,0,998.2,24,7.6,24,15.1,24,20.0,28.9,60.3,40.6,0.20G,999.9,010000
722076,94891,20151128,38.5,24,37.2,24,9999.9,0,999.9,24,7.6,24,10.7,24,14.0,19.0,40.6,37.0,0.90G,999.9,010000
722076,94891,20151129,36.3,24,33.0,24,9999.9,0,999.6,23,8.7,24,7.9,24,11.1,999.9,38.8,33.3,0.00G,999.9,010000
722076,94891,20151130,37.1,24,33.2,24,9999.9,0,994.4,23,9.4,24,7.9,24,12.0,17.1,45.0,34.0,99.99,999.9,010000
722076,94891,20151201,43.7,24,40.3,24,9999.9,0,986.3,24,6.5,24,9.1,24,15.9,18.1,46.0,36.5,99.99,999.9,010000
722076,94891,20151202,34.3,24,31.3,24,9999.9,0,984.3,24,9.2,24,8.2,24,15.9,22.0,36.7,32.0,99.99,999.9,011000
722076,94891,20151203,31.0,24,28.3,24,9999.9,0,996.8,24,8.8,24,6.6,24,13.0,17.1,34.7,26.6,0.00I,999.9,000000
722076,94891,20151204,32.0,24,31.3,24,9999.9,0,1007.2,24,3.5,24,5.2,24,8.0,999.9,35.6,30.2,0.00I,999.9,100000
722076,94891,20151205,31.6,24,31.2,24,9999.9,0,1010.5,22,2.0,24,4.6,24,7.0,999.9,38.8,27.3,0.00I,999.9,100000
722076,94891,20151206,36.6,24,33.0,24,9999.9,0,9999.9,0,6.5,24,4.4,24,9.9,999.9,49.5,28.9,0.00I,999.9,000000
722076,94891,20151207,36.4,24,35.8,24,9999.9,0,997.4,24,3.0,24,3.9,24,8.9,999.9,43.9*,30.6*,0.02G,999.9,110000
722076,94891,20151208,41.4,24,38.9,24,9999.9,0,990.7,24,6.5,24,9.0,24,12.0,15.9,51.8,37.4,0.00G,999.9,000000
722076,94891,20151209,47.4,24,41.3,24,9999.9,0,982.5,23,9.8,24,9.5,24,14.0,18.1,53.8*,42.1*,0.00I,999.9,000000
722076,94891,20151210,46.6,24,41.4,24,9999.9,0,979.7,13,10.0,24,9.8,24,20.0,28.9,56.8,40.1,0.00I,999.9,000000
722076,94891,20151211,44.7,24,41.7,24,9999.9,0,982.7,24,8.9,24,5.5,24,8.0,999.9,54.7,36.5,0.00I,999.9,000000
722076,94891,20151212,59.5,24,57.8,24,9999.9,0,986.7,24,4.6,24,8.9,24,15.0,19.0,66.4,52.7,99.99,999.9,110000
722076,94891,20151213,61.0,24,57.8,24,9999.9,0,987.2,24,7.3,24,11.8,24,15.9,24.1,63.5,57.2,0.13A,999.9,010000
722076,94891,20151214,54.9,24,50.3,24,9999.9,0,971.2,24,8.3,24,15.7,24,27.0,44.1,64.4,44.1,0.35G,999.9,010000
722076,94891,20151215,40.3,24,37.0,24,9999.9,0,982.6,24,9.1,24,9.7,24,21.0,27.0,44.1,38.5,0.04G,999.9,010000
722076,94891,20151216,42.5,24,40.2,24,9999.9,0,982.8,24,8.9,24,8.8,24,18.1,22.0,54.1,36.1,0.00G,999.9,010000
722076,94891,20151217,33.5,24,26.7,24,9999.9,0,985.3,24,10.0,24,9.6,24,14.0,21.0,43.3,30.2,0.05G,999.9,000000
722076,94891,20151218,29.5,24,21.7,24,9999.9,0,990.9,24,10.0,24,9.8,24,20.0,28.9,32.9,26.2,0.00G,999.9,000000
722076,94891,20151219,26.5,24,16.2,24,9999.9,0,999.3,24,10.0,24,9.3,24,15.9,25.1,32.7,19.0,0.00I,999.9,000000
722076,94891,20151220,35.6,24,24.6,24,9999.9,0,998.8,24,10.0,24,11.4,24,22.9,33.0,48.7,26.4,0.00I,999.9,000000
722076,94891,20151221,46.6,24,40.4,24,9999.9,0,985.9,24,9.1,24,16.3,24,22.0,28.9,54.5,41.0,0.95G,999.9,010000
722076,94891,20151222,43.2,24,41.7,24,9999.9,0,984.5,24,6.2,24,7.1,24,13.0,19.0,53.2,36.5,0.14G,999.9,110000
722076,94891,20151223,51.2,24,50.0,24,9999.9,0,975.9,24,4.0,24,10.7,24,25.1,41.0,62.8,37.0,0.00G,999.9,110000
722076,94891,20151224,44.0,24,38.9,24,9999.9,0,981.9,24,9.1,24,11.0,24,27.0,38.1,57.0,33.8,0.54G,999.9,010000
722076,94891,20151225,42.7,24,37.4,24,9999.9,0,994.6,24,9.0,24,7.1,24,13.0,15.0,47.5,36.9,0.00G,999.9,010000
722076,94891,20151226,41.7,24,38.9,24,9999.9,0,995.1,24,8.0,24,8.9,24,15.0,18.1,51.8,35.1,1.64B,999.9,010000
722076,94891,20151227,44.6,24,42.9,24,9999.9,0,991.8,24,7.5,24,13.2,24,22.0,28.9,54.0,38.8,0.99B,999.9,010000
722076,94891,20151228,35.6,24,32.9,24,9999.9,0,989.2,24,6.9,24,17.3,24,25.1,35.0,39.6,32.9,0.43G,999.9,011000
722076,94891,20151229,36.3,24,33.1,24,9999.9,0,983.3,24,8.9,24,14.6,24,24.1,32.1,47.3,31.1,1.82G,999.9,011000
722076,94891,20151230,30.9,24,26.8,24,9999.9,0,996.2,23,10.0,24,5.0,24,11.1,999.9,31.8,30.2,0.00G,999.9,000000
722076,94891,20151231,29.4,24,25.2,24,9999.9,0,999.4,22,9.3,24,9.2,17,14.0,15.9,30.4,28.2,99.99,999.9,010000
