723418,13977,20150101,36.3,24,30.0,24,1029.4,18,1013.3,23,7.1,24,2.8,24,6.0,999.9,37.9,34.0,0.00G,999.9,010000
723418,13977,20150102,38.2,24,37.8,24,1022.0,13,1007.4,23,3.7,24,5.8,24,8.9,999.9,42.1*,35.6*,1.23G,999.9,010000
723418,13977,20150103,44.4,24,43.5,24,1013.6,14,998.6,24,7.0,24,6.3,24,15.9,26.0,48.0,42.1,1.51G,999.9,010010
723418,13977,20150104,40.4,24,33.1,24,1026.0,18,1009.8,24,9.0,24,7.6,24,18.1,25.1,46.0,34.0,0.02G,999.9,000000
723418,13977,20150105,30.8,24,16.3,24,1037.6,24,1022.5,23,10.0,24,4.9,24,8.0,999.9,43.0,21.9,0.00G,999.9,000000
723418,13977,20150106,38.7,24,26.2,24,1029.4,24,1014.6,23,10.0,24,2.8,24,7.0,999.9,57.0,26.1,0.00G,999.9,000000
723418,13977,20150107,38.1,24,26.6,24,1033.9,24,1019.3,23,10.0,24,7.6,24,15.9,27.0,50.0,30.0,0.00G,999.9,000000
723418,13977,20150108,23.7,24,3.9,24,1038.2,24,1022.8,23,10.0,24,5.7,24,11.1,999.9,36.0,12.9,0.00G,999.9,000000
723418,13977,20150109,30.9,24,14.8,24,1030.7,24,1015.8,23,10.0,24,3.5,24,8.9,999.9,43.0,21.9,0.00G,999.9,000000
723418,13977,20150110,30.7,24,10.7,24,1033.7,24,1018.7,23,10.0,24,3.9,24,6.0,999.9,37.0,26.1,0.00G,999.9,000000
723418,13977,20150111,34.2,24,27.3,24,1027.6,13,1011.3,24,6.3,24,4.0,24,7.0,999.9,37.0*,30.2*,0.10G,999.9,011000
723418,13977,20150112,40.6,24,39.5,24,1024.7,11,1009.3,24,4.5,24,4.7,24,8.0,999.9,45.0,37.0,0.83G,999.9,010000
723418,13977,20150113,38.3,24,30.5,24,1030.4,19,1015.6,23,9.8,24,7.7,24,12.0,18.1,44.1,33.1,0.00G,999.9,000000
723418,13977,20150114,31.5,24,24.1,24,1028.9,24,1014.0,23,9.3,24,2.9,24,7.0,999.9,43.0,25.0,0.00G,999.9,000000
723418,13977,20150115,42.4,24,29.6,24,1025.0,24,1010.2,23,10.0,24,2.8,24,9.9,999.9,53.1,36.0,0.00G,999.9,010000
723418,13977,20150116,41.9,24,29.6,24,1025.2,24,1010.5,23,9.4,24,4.0,24,8.9,999.9,59.0,27.0,0.00G,999.9,000000
723418,13977,20150117,49.6,24,35.1,24,1018.5,24,1003.8,23,10.0,24,8.9,24,15.9,22.0,66.9,37.9,0.00G,999.9,000000
723418,13977,20150118,51.9,24,30.0,24,1022.5,24,1008.0,23,10.0,24,5.9,24,9.9,999.9,66.9,34.0,0.00G,999.9,000000
723418,13977,20150119,54.2,24,29.1,24,1017.9,24,1003.3,23,10.0,24,8.6,24,13.0,999.9,69.1,39.9,0.00G,999.9,000000
723418,13977,20150120,52.8,24,37.3,24,1014.9,24,1000.5,23,10.0,24,3.8,24,8.0,999.9,66.9,37.9,0.00G,999.9,000000
723418,13977,20150121,48.7,24,33.1,24,1021.1,24,1006.6,23,10.0,24,4.3,24,8.9,999.9,62.1,33.1,0.00G,999.9,000000
723418,13977,20150122,45.7,24,36.1,24,1024.2,20,1010.0,23,8.7,24,7.8,24,13.0,21.0,55.0,39.0,0.02G,999.9,010000
723418,13977,20150123,41.5,24,33.1,24,1022.1,22,1007.4,23,10.0,24,7.5,24,13.0,22.9,50.0,37.9,0.53G,999.9,010000
723418,13977,20150124,42.6,24,29.9,24,1019.0,24,1004.3,23,10.0,24,6.2,24,11.1,999.9,60.1,28.9,0.00G,999.9,000000
723418,13977,20150125,48.8,24,35.1,24,1013.1,24,998.5,23,10.0,24,10.7,24,22.9,33.0,63.0,37.9,0.00G,999.9,010000
723418,13977,20150126,49.0,24,32.1,24,1019.4,24,1004.9,23,10.0,24,8.0,24,14.0,22.0,63.0,37.0,0.00G,999.9,000000
723418,13977,20150127,54.7,24,35.1,24,1018.7,24,1004.3,23,10.0,24,3.1,24,6.0,999.9,75.0,39.0,0.00G,999.9,000000
723418,13977,20150128,57.8,24,39.3,24,1020.0,24,1005.5,23,10.0,24,5.7,24,13.0,21.0,77.0,41.0,0.00G,999.9,000000
723418,13977,20150129,60.9,24,43.3,24,1019.9,24,1005.6,23,10.0,24,9.6,24,14.0,21.0,70.0,50.0,0.00G,999.9,000000
723418,13977,20150130,43.9,24,30.9,24,1031.1,24,1016.3,23,10.0,24,5.3,24,12.0,18.1,55.9,30.9,0.00G,999.9,000000
723418,13977,20150131,44.6,24,30.6,24,1025.5,24,1010.7,23,10.0,24,4.2,24,7.0,999.9,54.0,39.9,0.00G,999.9,000000
723418,13977,20150201,53.1,24,45.7,24,1013.3,16,998.4,23,8.5,24,11.1,24,20.0,25.1,57.9,45.0,0.04G,999.9,010000
723418,13977,20150202,31.6,24,18.4,24,1025.2,24,1010.5,23,10.0,24,9.2,24,20.0,26.0,45.0,21.0,0.46G,999.9,000000
723418,13977,20150203,36.4,24,24.0,24,1026.5,24,1011.7,23,10.0,24,1.8,24,8.0,999.9,51.1,27.0,0.00G,999.9,000000
723418,13977,20150204,44.4,24,34.2,24,1021.0,22,1006.2,23,9.8,24,4.4,24,7.0,999.9,52.0,37.9,0.00G,999.9,010000
723418,13977,20150205,42.9,24,34.7,24,1026.9,16,1011.6,24,8.3,24,4.9,24,12.0,20.0,48.0,36.0,0.02G,999.9,010000
723418,13977,20150206,39.9,24,26.8,24,1028.8,24,1013.9,23,10.0,24,3.7,23,11.1,999.9,55.9,30.0,0.00G,999.9,000000
723418,13977,20150207,48.7,24,40.6,24,1019.9,22,1005.2,23,8.9,24,8.8,24,18.1,24.1,68.0,39.0,0.00G,999.9,000000
723418,13977,20150208,58.8,24,51.7,24,1012.5,21,998.1,23,10.0,24,6.9,24,12.0,15.9,66.9,52.0,0.00G,999.9,000000
723418,13977,20150209,58.7,24,46.4,24,1015.5,23,1001.2,23,7.9,24,6.0,24,13.0,18.1,73.9,45.0,0.00G,999.9,100000
723418,13977,20150210,48.1,24,35.5,24,1018.8,24,1004.3,23,8.7,24,4.8,24,7.0,999.9,66.0,35.1,0.00G,999.9,000000
723418,13977,20150211,48.5,24,36.7,24,1018.5,24,1004.0,23,10.0,24,4.3,24,6.0,999.9,64.9,37.9,0.00G,999.9,000000
723418,13977,20150212,48.0,24,31.0,24,1026.6,24,1012.1,23,9.7,24,5.7,24,12.0,15.9,57.0,37.0,0.00G,999.9,000000
723418,13977,20150213,39.6,24,19.3,24,1027.7,24,1012.8,23,10.0,24,3.5,24,8.0,999.9,55.9,28.0,0.00G,999.9,000000
723418,13977,20150214,47.8,24,30.4,24,1022.3,24,1007.6,23,9.5,24,4.0,24,9.9,999.9,73.9,30.9,0.00G,999.9,000000
723418,13977,20150215,45.5,24,25.9,24,1021.6,23,1007.0,23,10.0,24,7.2,24,11.1,20.0,66.0,32.0,0.00G,999.9,000000
723418,13977,20150216,35.0,24,30.3,24,1016.5,15,1001.2,23,6.9,24,8.3,24,15.0,19.0,45.0,32.0,0.52G,999.9,011000
723418,13977,20150217,31.4,24,23.3,24,1022.5,21,1007.6,24,9.6,24,3.8,24,9.9,999.9,43.0,24.1,0.58G,999.9,000000
723418,13977,20150218,37.4,24,21.6,24,1025.1,24,1010.4,23,10.0,24,5.6,24,11.1,20.0,50.0,25.0,0.00G,999.9,000000
723418,13977,20150219,34.6,24,15.2,24,1029.7,24,1014.7,23,10.0,24,4.5,24,8.9,14.0,46.0,24.1,0.00G,999.9,000000
723418,13977,20150220,39.2,24,26.3,24,1020.7,21,1005.1,23,9.8,24,5.2,24,11.1,15.0,50.0,34.0,0.00G,999.9,010000
723418,13977,20150221,60.3,24,55.3,24,1009.2,16,995.3,23,9.8,24,12.4,24,18.1,27.0,69.1,48.9,0.00G,999.9,010000
723418,13977,20150222,40.9,24,36.4,24,1020.8,15,1007.1,23,7.7,24,10.1,24,15.0,26.0,48.2*,37.0*,0.05G,999.9,010000
723418,13977,20150223,31.0,24,26.8,24,1033.4,10,1017.0,24,6.8,24,11.7,24,17.1,24.1,37.0,26.1,1.21G,999.9,011000
723418,13977,20150224,27.4,24,23.6,24,1026.3,14,1011.6,24,9.1,24,5.0,24,11.1,999.9,34.0,24.1,0.23G,999.9,001000
723418,13977,20150225,31.8,24,29.6,24,1014.6,17,999.7,24,6.0,24,3.2,24,7.0,999.9,34.0,30.0,0.12G,999.9,101000
723418,13977,20150226,32.4,24,28.6,24,1020.2,17,1003.1,24,6.6,24,4.9,24,13.0,999.9,43.0,25.0,0.62G,999.9,100000
723418,13977,20150227,29.4,24,17.3,24,1031.6,24,1016.6,23,10.0,24,7.7,24,12.0,18.1,39.0,24.1,0.00G,999.9,000000
723418,13977,20150228,30.3,24,21.3,24,1031.0,24,1015.9,23,9.7,24,6.3,24,8.0,15.0,39.0,26.1,0.00G,999.9,000000
723418,13977,20150301,37.3,24,33.9,24,1027.1,11,1012.2,23,5.1,24,5.8,24,8.9,999.9,42.8*,33.8*,0.17G,999.9,010000
723418,13977,20150302,39.4,24,38.5,24,1028.1,17,1012.9,24,4.4,24,6.4,24,9.9,999.9,42.8*,37.0*,0.27G,999.9,010000
723418,13977,20150303,43.3,24,42.2,24,1017.5,10,1004.3,24,2.9,24,3.2,24,9.9,15.9,64.9*,35.6*,0.03G,999.9,110000
723418,13977,20150304,54.6,24,53.9,24,1011.2,6,997.7,24,2.5,24,5.8,24,17.1,26.0,64.0*,39.2*,0.05G,999.9,110000
723418,13977,20150305,32.7,24,27.3,24,1033.3,13,1013.5,24,6.5,24,11.9,24,18.1,29.9,41.0,25.0,2.68G,999.9,111010
723418,13977,20150306,34.2,24,21.4,24,1035.3,24,1020.3,23,9.9,24,1.1,24,5.1,999.9,48.9,21.9,0.25G,999.9,000000
723418,13977,20150307,42.5,24,24.4,24,1031.1,24,1016.2,23,10.0,24,3.2,23,6.0,999.9,62.1,27.0,0.00G,999.9,000000
723418,13977,20150308,49.1,24,33.4,15,1024.5,19,1009.9,24,8.1,24,4.7,24,8.0,999.9,55.9*,44.6*,0.00G,999.9,010000
723418,13977,20150309,46.8,24,9999.9,0,1019.5,14,1004.3,24,3.7,24,4.8,24,8.9,15.0,50.0*,44.6*,0.98G,999.9,010000
723418,13977,20150310,50.9,24,49.0,24,1014.5,14,999.8,24,5.8,24,4.7,24,8.9,15.9,57.0,48.0,1.80G,999.9,110000
723418,13977,20150311,55.2,24,50.1,24,1022.1,23,1007.6,23,9.7,24,2.3,24,8.0,999.9,66.0,48.9,0.00G,999.9,000000
723418,13977,20150312,53.7,24,51.9,24,1022.0,13,1006.8,23,6.3,24,5.2,24,9.9,15.0,61.0,51.1,0.01G,999.9,010000
723418,13977,20150313,58.0,24,57.0,24,1014.3,9,1000.0,23,4.5,24,5.9,24,9.9,999.9,64.0,54.0,0.85G,999.9,110000
723418,13977,20150314,58.4,24,56.4,24,1015.4,10,1000.3,24,7.5,24,5.2,24,9.9,999.9,62.1*,55.4*,0.10G,999.9,010000
723418,13977,20150315,58.1,24,55.5,24,1023.3,15,1008.7,24,6.6,24,3.9,24,8.0,999.9,64.0,55.0,0.03G,999.9,010000
723418,13977,20150316,60.2,24,54.6,24,1023.2,17,1008.9,23,6.9,24,3.7,24,8.9,999.9,72.0,50.0,0.02G,999.9,100000
723418,13977,20150317,65.6,24,57.9,24,1018.7,23,1004.4,23,9.5,24,3.0,24,9.9,999.9,82.0,54.0,0.00G,999.9,000000
723418,13977,20150318,58.4,24,51.1,24,1017.9,18,1003.4,23,9.7,24,5.7,24,9.9,999.9,75.0,51.1,0.00G,999.9,010000
723418,13977,20150319,49.9,24,49.2,24,1016.9,13,1002.3,23,4.9,24,4.5,24,8.0,999.9,53.6*,46.4*,0.15G,999.9,110000
723418,13977,20150320,55.6,24,53.2,24,1019.6,14,1004.5,23,6.2,24,5.6,24,8.9,999.9,63.0,52.0,0.92G,999.9,110000
723418,13977,20150321,56.3,24,53.6,24,1020.4,24,1005.9,23,8.6,24,3.2,24,8.0,999.9,61.0,54.0,0.03G,999.9,010000
723418,13977,20150322,52.3,24,50.0,24,1015.8,12,1001.8,24,6.4,24,5.9,24,8.0,999.9,59.0*,48.2*,0.78G,999.9,010000
723418,13977,20150323,58.5,24,49.7,24,1018.8,22,1004.3,23,9.4,24,3.3,22,5.1,999.9,72.0*,46.9*,0.01G,999.9,000000
723418,13977,20150324,65.3,24,52.3,24,1015.5,24,1001.2,23,10.0,24,8.7,24,13.0,19.0,80.1,55.0,0.00G,999.9,000000
723418,13977,20150325,68.9,24,55.0,24,1013.7,24,999.5,23,10.0,24,8.2,24,13.0,21.0,82.0,59.0,0.00G,999.9,000000
723418,13977,20150326,62.2,24,53.3,24,1012.2,16,998.9,23,8.1,24,8.0,24,14.0,25.1,73.9*,51.8*,0.12G,999.9,010010
723418,13977,20150327,52.6,24,35.6,24,1018.8,24,1004.3,23,9.9,24,6.3,24,12.0,19.0,66.0,39.0,0.03G,999.9,000000
723418,13977,20150328,53.7,24,39.0,24,1020.4,24,1005.8,23,10.0,24,5.5,24,8.9,999.9,72.0,41.0,0.00G,999.9,000000
723418,13977,20150329,58.5,24,43.3,24,1019.2,23,1004.7,23,10.0,24,8.6,24,15.0,22.9,84.0,39.9,0.00G,999.9,000000
723418,13977,20150330,68.3,24,57.0,24,1019.7,23,1005.6,23,10.0,24,5.2,23,8.9,999.9,80.1,55.9,0.00G,999.9,000000
723418,13977,20150331,68.2,24,62.2,24,1016.2,24,1001.9,23,9.7,24,7.5,24,13.0,19.0,75.0,64.0,0.00G,999.9,000000
723418,13977,20150401,68.4,24,62.5,24,1013.4,22,999.3,24,7.2,24,7.0,24,15.0,22.9,81.0,60.1,0.00G,999.9,000000
723418,13977,20150402,72.6,24,63.7,24,1011.9,21,997.8,24,9.3,24,10.3,24,17.1,26.0,84.0,66.0,0.00G,999.9,010000
723418,13977,20150403,72.7,24,63.3,24,1012.4,21,998.6,23,9.1,24,12.0,24,18.1,28.0,81.0,66.0,0.00G,999.9,000000
723418,13977,20150404,56.7,24,39.0,24,1025.8,24,1011.3,23,10.0,24,7.4,24,12.0,18.1,69.1,46.9,0.00G,999.9,000000
723418,13977,20150405,50.4,24,43.2,24,1021.4,18,1006.3,23,8.7,24,3.0,24,6.0,999.9,63.0,46.9,0.00G,999.9,010000
723418,13977,20150406,63.2,24,60.0,24,1014.7,15,1000.6,24,5.4,24,7.5,24,15.0,20.0,81.0,54.0,0.28G,999.9,110010
723418,13977,20150407,73.2,24,63.5,24,1014.6,21,1000.5,23,9.6,24,9.0,24,15.0,19.0,84.9,66.0,0.06G,999.9,000000
723418,13977,20150408,74.3,24,64.7,24,1014.2,22,1000.2,24,9.6,24,8.9,24,14.0,20.0,82.9*,66.9*,0.00G,999.9,000000
723418,13977,20150409,73.6,24,66.7,24,1010.9,18,996.9,24,8.6,24,10.2,19,15.9,26.0,80.1*,68.0*,0.00G,999.9,010010
723418,13977,20150410,61.9,24,51.6,24,1019.0,20,1003.3,24,9.5,24,7.2,13,13.0,18.1,71.1*,53.1*,0.86G,999.9,010010
723418,13977,20150411,58.4,24,46.9,24,1020.3,24,1006.0,24,10.0,24,4.2,24,8.0,999.9,75.0*,46.0*,0.00G,999.9,000000
723418,13977,20150412,65.4,24,55.1,24,1015.3,23,1001.0,24,10.0,24,4.5,24,9.9,15.0,79.0*,54.0*,0.00G,999.9,000000
723418,13977,20150413,69.3,24,67.5,24,1012.4,16,998.4,24,8.0,24,5.2,24,9.9,999.9,72.0*,66.0*,0.01G,999.9,010000
723418,13977,20150414,60.7,24,57.9,24,1016.6,16,1002.1,24,9.2,24,8.1,24,13.0,19.0,69.1*,57.0*,0.19G,999.9,010010
723418,13977,20150415,61.3,24,58.3,24,1014.4,6,1000.5,24,6.0,24,4.9,24,11.1,999.9,66.0*,59.0*,0.10G,999.9,010000
723418,13977,20150416,62.8,24,56.8,24,1015.6,21,1001.3,24,8.1,24,3.6,24,17.1,29.9,80.1*,50.0*,0.01G,999.9,010010
723418,13977,20150417,69.9,24,63.6,24,1014.4,14,1000.6,24,9.9,24,4.0,24,17.1,26.0,79.0*,61.0*,0.18G,999.9,010010
723418,13977,20150418,68.3,24,64.3,24,1012.1,16,998.1,24,9.0,24,3.8,24,8.9,999.9,73.0*,64.4*,0.00G,999.9,110000
723418,13977,20150419,66.5,24,60.4,24,1006.3,18,992.5,24,9.4,24,6.2,24,15.0,25.1,78.1*,55.0*,0.57G,999.9,010010
723418,13977,20150420,62.2,24,44.3,24,1011.5,24,997.3,24,9.9,24,10.0,24,13.0,20.0,71.1*,51.1*,0.09G,999.9,000000
723418,13977,20150421,57.1,24,43.9,24,1016.0,24,1001.7,24,10.0,24,4.1,24,11.1,999.9,68.0*,44.1*,0.00G,999.9,000000
723418,13977,20150422,62.4,24,56.5,24,1014.0,21,999.8,24,9.5,24,4.4,24,12.0,21.0,75.2*,53.1*,0.00G,999.9,110010
723418,13977,20150423,62.3,24,59.2,24,1014.5,16,1000.1,24,8.3,24,6.2,24,11.1,18.1,68.0*,57.0*,2.02G,999.9,010010
723418,13977,20150424,59.3,24,57.5,24,1013.1,14,999.0,24,7.2,24,4.6,24,8.9,999.9,63.0*,55.9*,0.24G,999.9,110010
723418,13977,20150425,70.1,24,60.9,24,1004.0,16,990.7,24,6.6,24,9.9,24,20.0,26.0,86.0*,60.1*,3.05G,999.9,110010
723418,13977,20150426,69.7,24,58.1,24,1005.4,22,991.3,24,10.0,24,4.4,24,15.9,22.9,84.0*,55.0*,0.00G,999.9,010010
723418,13977,20150427,62.4,24,54.0,24,1009.3,22,995.2,24,9.6,24,10.4,24,15.0,27.0,71.1*,53.1*,0.08G,999.9,010000
723418,13977,20150428,54.9,24,48.4,24,1014.3,24,999.9,24,9.1,24,8.9,24,14.0,22.0,63.0*,51.1*,0.25G,999.9,010000
723418,13977,20150429,60.7,24,47.5,24,1014.9,24,1000.5,23,10.0,24,5.7,24,9.9,999.9,75.9,48.9,0.10G,999.9,000000
723418,13977,20150430,66.2,24,49.6,24,1013.2,23,999.1,23,10.0,24,4.3,24,9.9,15.0,80.1,50.0,0.00G,999.9,000000
723418,13977,20150501,66.4,24,50.2,24,1016.4,24,1002.2,23,10.0,24,4.6,24,8.0,999.9,78.1,54.0,0.00G,999.9,000000
723418,13977,20150502,65.4,24,50.3,24,1018.4,24,1004.0,23,10.0,24,3.6,24,7.0,999.9,80.1,50.0,0.00G,999.9,000000
723418,13977,20150503,71.2,24,56.0,24,1016.3,24,1002.2,23,10.0,24,6.5,24,11.1,17.1,82.0,62.1,0.00G,999.9,000000
723418,13977,20150504,71.0,24,58.0,24,1018.6,24,1004.5,23,9.9,24,6.2,24,9.9,14.0,82.0,57.9,0.00G,999.9,000000
723418,13977,20150505,72.6,24,61.7,24,1018.4,23,1004.3,23,9.7,24,7.6,24,14.0,20.0,82.9,64.9,0.00G,999.9,000000
723418,13977,20150506,73.7,24,62.0,24,1016.4,24,1002.2,23,10.0,24,7.4,24,14.0,18.1,82.0,66.0,0.00G,999.9,000000
723418,13977,20150507,74.4,24,66.0,24,1014.2,21,1000.4,23,9.9,24,6.7,24,11.1,15.9,84.9,66.0,0.00G,999.9,000000
723418,13977,20150508,73.6,24,68.8,24,1013.5,20,999.7,23,9.3,24,6.5,24,13.0,21.0,84.0,64.9,0.63G,999.9,010010
723418,13977,20150509,71.0,24,68.1,24,1013.8,17,999.7,23,8.8,24,6.9,24,15.9,25.1,80.1,64.9,0.63G,999.9,010010
723418,13977,20150510,73.1,24,68.9,24,1012.9,14,999.0,24,8.2,24,6.7,24,14.0,19.0,82.9,66.0,0.05G,999.9,010010
723418,13977,20150511,71.7,24,67.7,24,1015.9,11,1000.5,24,8.3,24,6.2,24,17.1,28.0,80.1,64.0,2.57G,999.9,010010
723418,13977,20150512,65.2,24,58.1,24,1022.8,23,1008.5,23,9.4,19,3.9,24,8.0,999.9,73.9,57.9,1.27G,999.9,010000
723418,13977,20150513,62.6,24,57.7,24,1022.5,21,1008.0,23,9.3,24,4.8,24,8.0,999.9,66.9,60.1,0.06G,999.9,010000
723418,13977,20150514,71.3,24,65.1,24,1018.9,21,1004.8,23,9.5,24,6.3,24,12.0,999.9,84.9,62.1,0.22G,999.9,010000
723418,13977,20150515,73.3,24,68.2,24,1015.7,20,1001.9,23,8.8,24,5.1,24,13.0,19.0,81.0,66.9,0.00G,999.9,010000
723418,13977,20150516,75.0,24,70.2,24,1013.5,17,999.3,23,8.2,24,7.4,24,12.0,18.1,86.0,69.1,0.04G,999.9,010010
723418,13977,20150517,75.4,24,70.5,24,1013.5,19,999.9,23,8.2,24,8.2,24,14.0,22.0,81.0,68.0,0.05G,999.9,110010
723418,13977,20150518,74.1,24,69.4,24,1018.1,21,1004.2,23,9.6,24,4.9,24,11.1,999.9,80.1,68.0,0.33G,999.9,010010
723418,13977,20150519,72.1,24,67.6,24,1018.6,18,1004.6,24,7.3,24,3.6,24,8.9,999.9,82.9,64.0,0.00G,999.9,100000
723418,13977,20150520,76.2,24,68.3,24,1014.8,22,1000.8,23,9.2,24,6.3,24,9.9,15.9,84.9,71.1,0.02G,999.9,010000
723418,13977,20150521,64.3,24,59.9,24,1019.4,17,1005.1,24,8.6,24,6.7,24,14.0,18.1,81.0,57.9,0.74G,999.9,010010
723418,13977,20150522,60.7,24,53.8,24,1022.5,23,1008.0,23,9.5,24,4.0,24,8.9,15.0,73.9,51.1,0.48G,999.9,000000
723418,13977,20150523,70.7,24,61.8,24,1020.7,24,1006.4,23,9.3,24,5.5,24,12.0,19.0,84.9,62.1,0.00G,999.9,000000
723418,13977,20150524,75.2,24,69.9,24,1014.1,20,999.9,23,9.0,24,10.1,24,19.0,28.9,80.1,72.0,0.00G,999.9,010000
723418,13977,20150525,74.0,24,68.5,24,1013.4,17,999.7,23,9.2,24,8.1,24,13.0,32.1,84.9,62.1,0.13G,999.9,110010
723418,13977,20150526,67.0,24,63.4,24,1015.6,15,1000.8,24,8.1,24,4.7,24,13.0,22.0,80.1,61.0,1.52G,999.9,110010
723418,13977,20150527,75.7,24,66.7,24,1017.4,24,1003.2,23,9.8,24,4.3,24,9.9,999.9,84.9*,66.9*,0.00G,999.9,000000
723418,13977,20150528,74.5,24,68.9,24,1018.0,22,1003.9,23,9.7,24,4.9,24,13.0,21.0,84.0,69.1,0.00G,999.9,000000
723418,13977,20150529,72.8,24,69.2,24,1014.8,20,1000.3,23,7.8,24,5.4,24,18.1,27.0,84.9,66.9,0.00G,999.9,110010
723418,13977,20150530,72.5,24,68.5,24,1015.2,23,1001.0,24,9.7,24,4.7,24,12.0,15.9,79.0,66.0,1.04G,999.9,010000
723418,13977,20150531,70.2,24,65.4,24,1016.3,15,1002.4,24,8.3,24,4.9,24,7.0,999.9,79.0*,64.4*,0.18G,999.9,010000
723418,13977,20150601,71.1,24,65.4,24,1017.5,21,1003.3,23,9.7,24,3.6,24,8.0,999.9,80.1,66.0,0.00G,999.9,010000
723418,13977,20150602,72.7,24,64.8,24,1016.8,23,1002.7,23,9.8,24,3.3,23,6.0,999.9,84.0,64.0,0.00G,999.9,000000
723418,13977,20150603,74.7,24,65.7,24,1014.4,24,1000.3,23,9.3,24,2.7,24,8.0,999.9,86.0,64.9,0.00G,999.9,000000
723418,13977,20150604,76.6,24,66.9,24,1015.2,24,1001.2,23,9.0,24,2.8,24,6.0,999.9,89.1,64.9,0.00G,999.9,000000
723418,13977,20150605,78.1,24,67.7,24,1016.7,24,1002.6,23,9.1,24,2.4,24,5.1,999.9,90.0,66.9,0.00G,999.9,000000
723418,13977,20150606,79.3,24,69.1,24,1015.5,23,1001.4,23,9.4,24,1.1,24,5.1,999.9,91.0,68.0,0.00G,999.9,000000
723418,13977,20150607,81.3,24,70.9,24,1013.8,24,999.8,23,8.8,24,2.9,24,8.0,999.9,93.0,70.0,0.00G,999.9,000000
723418,13977,20150608,83.5,24,70.7,24,1013.3,24,999.3,23,8.8,24,6.2,24,11.1,15.9,93.0,73.9,0.00G,999.9,000000
723418,13977,20150609,84.6,24,70.0,24,1011.7,24,997.7,23,10.0,24,4.9,24,9.9,999.9,95.0,75.0,0.00G,999.9,000000
723418,13977,20150610,81.4,24,70.5,24,1010.5,24,996.6,23,9.5,24,3.0,24,8.9,999.9,93.9,69.1,0.00G,999.9,000000
723418,13977,20150611,82.0,24,72.1,24,1009.8,24,995.9,23,9.7,24,6.6,24,11.1,999.9,91.9,73.9,0.00G,999.9,000000
723418,13977,20150612,81.8,24,72.0,24,1011.2,23,997.5,23,9.9,24,6.9,24,13.0,19.0,91.9,73.0,0.00G,999.9,000000
723418,13977,20150613,79.3,24,72.2,24,1012.9,17,999.2,23,9.8,24,7.9,24,15.0,21.0,87.1,73.9,0.00G,999.9,010000
723418,13977,20150614,79.1,24,72.5,24,1013.9,18,1000.1,23,10.0,24,7.1,24,13.0,17.1,90.0,73.0,0.00G,999.9,010000
723418,13977,20150615,79.8,24,72.2,24,1015.4,20,1001.4,23,9.3,24,5.8,24,8.9,25.1,91.9,73.0,0.03G,999.9,010000
723418,13977,20150616,77.6,24,72.8,24,1016.6,22,1002.5,24,9.2,24,5.3,24,21.0,31.1,89.1,73.0,0.09G,999.9,110010
723418,13977,20150617,76.1,24,73.3,24,1015.8,19,1001.6,24,7.4,24,5.8,24,13.0,28.0,84.9,72.0,0.67G,999.9,010010
723418,13977,20150618,76.4,24,72.6,24,1013.0,12,998.7,24,8.9,24,13.0,24,26.0,38.1,86.0,71.1,0.72G,999.9,010010
723418,13977,20150619,79.4,24,73.3,24,1013.9,15,999.5,24,8.8,24,9.7,24,14.0,25.1,91.9,72.0,1.31G,999.9,010000
723418,13977,20150620,80.6,24,73.7,24,1015.2,21,1001.0,24,8.2,24,8.0,24,14.0,15.0,90.0,73.9,0.13G,999.9,010010
723418,13977,20150621,80.1,24,74.2,24,1017.2,24,1003.3,23,9.4,24,5.3,24,9.9,999.9,88.0,75.0,0.01G,999.9,000000
723418,13977,20150622,81.0,24,72.5,24,1018.1,22,1004.0,23,9.0,24,6.4,24,11.1,15.0,91.9,72.0,0.00G,999.9,000000
723418,13977,20150623,84.0,24,73.8,24,1019.3,24,1005.3,23,9.7,24,5.4,24,8.0,999.9,93.9,75.0,0.00G,999.9,000000
723418,13977,20150624,85.0,24,73.8,24,1019.7,24,1005.7,23,9.4,24,4.4,24,8.9,999.9,95.0,75.0,0.00G,999.9,000000
723418,13977,20150625,84.6,24,73.5,24,1017.9,24,1003.8,23,9.7,24,5.1,24,8.0,999.9,95.0,75.9,0.00G,999.9,000000
723418,13977,20150626,82.6,24,72.8,24,1014.6,24,1000.5,23,9.7,24,7.7,24,13.0,14.0,93.0,73.0,0.00G,999.9,000000
723418,13977,20150627,79.3,24,72.0,24,1013.7,20,999.9,23,9.4,24,4.5,24,18.1,28.0,91.0,71.1,0.42G,999.9,010010
723418,13977,20150628,77.1,24,66.9,24,1016.0,24,1001.9,23,9.9,24,2.1,24,5.1,999.9,88.0,66.0,0.22G,999.9,000000
723418,13977,20150629,80.8,24,69.8,24,1013.9,24,999.9,23,9.9,24,6.3,24,12.0,15.0,93.0,70.0,0.00G,999.9,000000
723418,13977,20150630,83.6,24,71.2,24,1014.3,24,1000.3,23,9.7,24,6.3,24,9.9,999.9,93.0,75.0,0.00G,999.9,000000
723418,13977,20150701,81.4,24,70.8,24,1015.2,24,1001.1,23,10.0,24,9.6,24,14.0,19.0,91.0,72.0,0.00G,999.9,000000
723418,13977,20150702,81.9,24,69.3,24,1014.0,24,1000.0,23,10.0,24,10.8,24,17.1,28.9,91.0,73.9,0.00G,999.9,010000
723418,13977,20150703,80.0,24,73.8,24,1013.4,19,999.6,23,8.1,24,8.4,24,14.0,22.9,87.1,77.0,0.00G,999.9,010000
723418,13977,20150704,74.5,24,71.7,24,1013.1,12,1000.1,23,7.5,24,6.9,24,13.0,15.0,81.0,69.1,0.09G,999.9,110010
723418,13977,20150705,77.9,24,72.0,24,1016.1,22,1002.1,23,8.5,24,6.0,24,11.1,18.1,91.9,70.0,2.04G,999.9,000000
723418,13977,20150706,79.1,24,71.9,24,1016.2,20,1002.6,23,8.3,24,8.6,24,15.0,22.0,91.0,71.1,0.00G,999.9,010000
723418,13977,20150707,82.9,24,73.6,24,1015.2,22,1001.3,23,9.5,24,9.2,24,14.0,20.0,91.9,75.9,0.00G,999.9,000000
723418,13977,20150708,83.2,24,73.5,24,1015.4,23,1001.4,23,8.7,24,10.5,24,15.9,21.0,91.9,75.9,0.00G,999.9,000000
723418,13977,20150709,82.5,24,72.4,24,1017.2,24,1003.2,23,8.8,24,8.2,24,12.0,999.9,91.0,73.9,0.00G,999.9,000000
723418,13977,20150710,83.0,24,72.8,24,1018.2,24,1004.2,23,9.7,24,6.0,24,8.0,999.9,91.9,75.0,0.00G,999.9,000000
723418,13977,20150711,83.5,24,73.5,24,1019.4,24,1005.4,23,9.9,24,5.5,24,8.9,999.9,93.0,75.0,0.00G,999.9,000000
723418,13977,20150712,84.3,24,73.7,24,1017.8,24,1003.8,24,10.0,24,5.9,24,8.9,999.9,95.0,75.9,0.00G,999.9,000000
723418,13977,20150713,84.9,24,74.1,24,1013.5,24,999.5,23,10.0,24,6.4,24,12.0,999.9,95.0,75.0,0.00G,999.9,000000
723418,13977,20150714,85.2,24,73.6,24,1010.5,24,996.7,23,10.0,24,6.4,24,12.0,14.0,96.1,75.0,0.00G,999.9,000000
723418,13977,20150715,85.3,24,73.1,24,1012.1,24,998.2,23,10.0,24,6.3,24,11.1,999.9,93.9,75.9,0.00G,999.9,000000
723418,13977,20150716,85.2,24,72.5,24,1013.6,24,999.7,23,10.0,24,6.5,24,11.1,999.9,95.0,75.0,0.00G,999.9,000000
723418,13977,20150717,85.2,24,73.3,24,1013.7,24,999.8,23,10.0,24,6.6,24,11.1,999.9,95.0,77.0,0.00G,999.9,000000
723418,13977,20150718,85.8,22,73.0,22,1014.3,22,1000.4,21,10.0,22,6.4,22,9.9,15.0,96.1,77.0,0.00G,999.9,000000
723418,13977,20150719,86.6,24,73.5,24,1015.0,24,1001.2,23,10.0,24,5.9,24,9.9,999.9,97.0,77.0,0.00G,999.9,000000
723418,13977,20150720,86.8,24,72.8,24,1013.1,24,999.1,23,10.0,24,5.7,24,9.9,999.9,98.1,75.9,0.00G,999.9,000000
723418,13977,20150721,85.9,24,73.5,24,1011.5,24,997.6,23,10.0,24,4.8,24,17.1,21.0,96.1,75.9,0.00G,999.9,010000
723418,13977,20150722,85.9,24,73.8,24,1011.5,24,997.6,23,9.6,24,6.3,24,12.0,14.0,96.1,77.0,0.00G,999.9,000000
723418,13977,20150723,86.7,24,73.2,24,1013.2,24,999.3,23,9.9,24,7.4,24,12.0,15.0,97.0,79.0,0.00G,999.9,000000
723418,13977,20150724,87.5,24,71.0,24,1014.5,24,1000.6,23,10.0,24,6.8,24,12.0,999.9,98.1,79.0,0.00G,999.9,000000
723418,13977,20150725,86.8,24,71.8,24,1013.7,23,999.8,23,10.0,24,4.0,24,8.0,999.9,98.1,75.0,0.00G,999.9,000000
723418,13977,20150726,86.1,24,74.7,24,1012.3,24,998.4,23,9.2,24,3.0,24,8.0,999.9,100.0,75.0,0.00G,999.9,000000
723418,13977,20150727,87.2,24,73.3,24,1012.6,24,998.7,23,9.5,24,4.4,24,8.9,15.0,100.0,75.0,0.00G,999.9,000000
723418,13977,20150728,88.2,24,72.1,24,1013.6,23,999.8,23,9.9,24,5.6,24,8.9,999.9,99.0,78.1,0.00G,999.9,000000
723418,13977,20150729,88.4,24,70.4,24,1015.4,24,1001.5,23,10.0,24,4.7,24,6.0,999.9,100.0,77.0,0.00G,999.9,000000
723418,13977,20150730,86.1,24,72.8,24,1016.7,23,1002.8,23,9.6,24,2.7,23,17.1,32.1,100.9,75.9,0.00G,999.9,010010
723418,13977,20150731,81.2,24,66.0,24,1018.0,24,1004.0,23,10.0,24,4.1,24,8.0,999.9,93.9,70.0,0.37G,999.9,000000
723418,13977,20150801,80.7,24,63.3,24,1016.3,24,1002.2,23,10.0,24,2.7,24,8.0,999.9,96.1,66.0,0.00G,999.9,000000
723418,13977,20150802,82.4,24,62.3,24,1013.8,24,999.8,23,10.0,24,2.2,23,6.0,999.9,97.0,66.0,0.00G,999.9,000000
723418,13977,20150803,84.5,24,62.8,24,1012.4,24,998.5,23,10.0,24,2.8,23,6.0,999.9,99.0,69.1,0.00G,999.9,000000
723418,13977,20150804,85.3,24,66.7,24,1013.2,24,999.4,23,10.0,24,4.3,24,11.1,15.0,98.1,71.1,0.00G,999.9,000000
723418,13977,20150805,88.7,24,69.4,24,1013.2,24,999.3,23,10.0,24,7.6,24,12.0,19.0,100.0,79.0,0.00G,999.9,000000
723418,13977,20150806,89.5,24,69.8,24,1010.9,24,997.1,23,10.0,24,9.8,24,14.0,21.0,100.9,80.1,0.00G,999.9,000000
723418,13977,20150807,89.5,24,70.5,24,1010.4,23,996.7,23,10.0,24,8.1,24,13.0,17.1,102.0,79.0,0.00G,999.9,000000
723418,13977,20150808,90.1,24,70.4,24,1010.9,24,997.1,23,10.0,24,6.5,24,11.1,999.9,100.9,80.1,0.00G,999.9,000000
723418,13977,20150809,90.9,24,69.3,24,1012.2,24,998.3,23,10.0,24,5.4,24,9.9,999.9,104.0,79.0,0.00G,999.9,000000
723418,13977,20150810,90.8,24,64.8,24,1012.1,24,998.3,23,10.0,24,5.4,24,11.1,15.9,106.0,75.0,0.00G,999.9,000000
723418,13977,20150811,89.5,24,70.7,24,1013.9,24,1000.0,23,10.0,24,4.7,22,8.0,15.0,100.9,78.1,0.00G,999.9,000000
723418,13977,20150812,85.7,24,68.4,24,1017.2,24,1003.2,23,10.0,24,5.8,22,8.0,15.0,99.0,77.0,0.00G,999.9,000000
723418,13977,20150813,80.3,24,62.5,24,1017.5,24,1003.4,23,10.0,24,4.0,24,8.0,15.0,93.0,66.0,0.00G,999.9,000000
723418,13977,20150814,79.3,24,61.0,24,1017.6,24,1003.6,23,10.0,24,4.5,24,8.9,17.1,93.9,63.0,0.00G,999.9,000000
723418,13977,20150815,78.9,24,60.7,24,1017.2,24,1003.1,23,10.0,24,3.8,24,8.9,999.9,93.9,64.0,0.00G,999.9,000000
723418,13977,20150816,81.3,24,65.9,24,1015.6,24,1001.6,23,10.0,24,4.4,23,8.0,999.9,97.0,70.0,0.00G,999.9,000000
723418,13977,20150817,81.8,24,67.5,24,1014.5,24,1000.5,23,10.0,24,3.2,24,8.9,999.9,93.9,69.1,0.00G,999.9,000000
723418,13977,20150818,84.5,24,68.8,24,1011.2,24,997.2,23,10.0,24,6.6,24,13.0,17.1,97.0,75.0,0.00G,999.9,000000
723418,13977,20150819,80.7,24,72.0,24,1009.1,17,995.5,23,10.0,24,8.8,24,18.1,26.0,93.0,73.9,0.00G,999.9,010010
723418,13977,20150820,69.1,24,65.4,24,1015.6,17,1001.1,24,10.0,24,4.6,24,8.9,999.9,75.0,66.0,0.20G,999.9,010000
723418,13977,20150821,73.8,24,68.5,24,1015.8,16,1001.9,24,10.0,24,3.2,24,8.9,999.9,89.1,66.9,0.07G,999.9,000000
723418,13977,20150822,80.0,24,73.6,24,1014.5,18,1000.4,23,10.0,24,5.8,24,12.0,24.1,91.9,75.0,0.00G,999.9,010010
723418,13977,20150823,79.8,24,72.9,24,1014.9,23,1000.9,23,10.0,23,6.4,23,14.0,18.1,88.0,73.0,0.03G,999.9,000000
723418,13977,20150824,78.0,24,71.7,24,1017.1,21,1003.4,23,10.0,24,3.5,23,8.0,999.9,89.1,70.0,0.00G,999.9,010010
723418,13977,20150825,77.5,24,66.4,24,1018.4,24,1004.3,23,10.0,24,3.7,24,8.0,999.9,88.0,72.0,0.47G,999.9,010010
723418,13977,20150826,76.1,24,58.6,24,1019.2,24,1005.1,23,10.0,24,2.0,23,7.0,999.9,91.9,61.0,0.03G,999.9,000000
723418,13977,20150827,75.3,24,61.2,24,1018.1,24,1003.9,23,10.0,24,2.3,23,8.9,999.9,88.0,63.0,0.00G,999.9,000000
723418,13977,20150828,74.3,24,60.8,24,1016.5,24,1002.3,23,10.0,24,3.4,24,6.0,999.9,89.1,60.1,0.00G,999.9,000000
723418,13977,20150829,77.2,24,65.2,24,1015.8,24,1001.7,23,10.0,24,4.5,24,8.0,999.9,90.0,66.9,0.00G,999.9,000000
723418,13977,20150830,82.2,24,66.9,24,1015.0,24,1001.1,23,10.0,24,5.9,24,11.1,19.0,93.9,70.0,0.00G,999.9,000000
723418,13977,20150831,81.3,24,66.2,24,1015.6,24,1001.7,23,10.0,24,4.4,23,11.1,15.0,91.9,70.0,0.00G,999.9,000000
723418,13977,20150901,79.0,24,67.0,24,1016.9,24,1002.9,23,10.0,24,3.2,24,8.9,18.1,91.0,68.0,0.00G,999.9,000000
723418,13977,20150902,81.1,24,68.1,24,1017.3,23,1003.1,23,10.0,24,3.3,24,8.0,15.0,93.9,70.0,0.00G,999.9,000000
723418,13977,20150903,81.1,24,66.7,24,1014.4,24,1000.4,23,10.0,24,3.5,24,11.1,14.0,93.9,68.0,0.00G,999.9,000000
723418,13977,20150904,83.0,24,68.8,24,1013.5,24,999.5,23,10.0,24,3.2,24,9.9,17.1,96.1,71.1,0.00G,999.9,000000
723418,13977,20150905,84.0,24,70.8,24,1014.8,24,1000.9,23,10.0,24,2.7,22,8.9,999.9,97.0,72.0,0.00G,999.9,000000
723418,13977,20150906,82.6,24,72.4,24,1014.8,23,1000.8,23,10.0,24,2.5,24,18.1,26.0,96.1,73.0,0.00G,999.9,010010
723418,13977,20150907,82.7,24,71.8,24,1014.1,24,1000.1,23,10.0,24,3.3,24,8.0,999.9,96.1,71.1,0.61G,999.9,000000
723418,13977,20150908,84.9,24,70.2,24,1012.4,24,998.4,23,10.0,24,6.3,24,11.1,999.9,96.1,75.9,0.00G,999.9,000000
723418,13977,20150909,78.7,24,70.7,24,1011.9,20,998.3,23,10.0,24,3.1,24,8.0,999.9,91.0,73.0,0.12G,999.9,010000
723418,13977,20150910,79.1,24,69.6,24,1013.0,21,999.2,23,10.0,24,1.9,22,6.0,999.9,91.9,71.1,0.15G,999.9,000000
723418,13977,20150911,80.5,24,64.2,24,1012.8,24,998.8,23,10.0,24,5.6,24,12.0,18.1,93.9,68.0,0.00G,999.9,000000
723418,13977,20150912,72.9,24,51.9,24,1017.3,24,1003.2,23,10.0,24,6.6,24,13.0,18.1,84.9,61.0,0.00G,999.9,000000
723418,13977,20150913,67.5,24,48.2,24,1018.1,23,1004.0,23,10.0,24,3.4,24,8.0,999.9,82.9,52.0,0.00G,999.9,000000
723418,13977,20150914,72.0,24,50.6,24,1018.0,24,1003.9,23,10.0,24,5.6,24,9.9,999.9,87.1,55.9,0.00G,999.9,000000
723418,13977,20150915,74.3,24,56.6,24,1019.2,24,1005.0,23,10.0,24,6.6,24,11.1,17.1,88.0,57.9,0.00G,999.9,000000
723418,13977,20150916,80.3,24,68.4,24,1019.4,20,1005.4,23,10.0,24,7.3,23,12.0,15.9,93.0,72.0,0.00G,999.9,000000
723418,13977,20150917,82.7,24,66.7,24,1016.2,24,1002.1,23,10.0,24,6.6,24,12.0,15.0,93.9,71.1,0.00G,999.9,000000
723418,13977,20150918,83.4,24,65.5,24,1012.3,24,998.4,23,10.0,24,6.1,23,9.9,999.9,96.1,72.0,0.00G,999.9,000000
723418,13977,20150919,82.2,24,64.8,24,1012.8,24,998.8,23,10.0,24,6.2,24,12.0,999.9,95.0,72.0,0.00G,999.9,000000
723418,13977,20150920,75.0,24,63.7,24,1016.1,24,1002.1,23,10.0,24,5.4,24,11.1,999.9,86.0,68.0,0.00G,999.9,000000
723418,13977,20150921,73.6,24,60.6,24,1016.5,24,1002.4,23,10.0,24,3.6,24,7.0,999.9,90.0,61.0,0.01G,999.9,000000
723418,13977,20150922,76.0,24,58.8,24,1017.3,24,1003.2,23,10.0,24,3.1,24,8.9,999.9,91.0,60.1,0.00G,999.9,000000
723418,13977,20150923,74.9,24,55.9,24,1018.0,24,1003.8,23,10.0,24,4.4,24,11.1,17.1,90.0,57.9,0.00G,999.9,000000
723418,13977,20150924,76.8,24,59.4,24,1017.1,24,1003.1,23,10.0,24,3.7,23,7.0,999.9,90.0,64.9,0.00G,999.9,000000
723418,13977,20150925,76.8,24,57.7,24,1017.0,24,1002.8,23,10.0,24,4.7,24,9.9,19.0,91.9,63.0,0.00G,999.9,000000
723418,13977,20150926,73.4,24,54.3,24,1015.3,24,1001.2,23,10.0,24,3.2,24,7.0,999.9,89.1,61.0,0.00G,999.9,000000
723418,13977,20150927,73.7,24,59.1,24,1014.0,23,1000.0,23,10.0,24,4.4,24,9.9,999.9,89.1,63.0,0.00G,999.9,000000
723418,13977,20150928,77.0,24,64.1,24,1011.6,21,997.7,23,10.0,24,4.6,24,8.9,26.0,87.1,68.0,0.01G,999.9,010000
723418,13977,20150929,76.1,24,66.7,24,1011.3,22,997.4,22,10.0,24,5.1,24,8.9,999.9,89.1,66.9,0.03G,999.9,000000
723418,13977,20150930,75.2,24,63.8,24,1014.0,24,1000.1,19,10.0,24,3.7,24,9.9,999.9,88.0,64.9,0.00G,999.9,000000
723418,13977,20151001,71.8,24,54.3,24,1016.9,24,1003.0,18,10.0,24,5.6,24,11.1,999.9,82.9,59.0,0.00G,999.9,000000
723418,13977,20151002,66.0,24,42.3,24,1016.7,24,1002.5,21,10.0,24,6.8,24,12.0,18.1,78.1,53.1,0.00G,999.9,000000
723418,13977,20151003,64.8,21,47.7,21,1012.8,21,998.6,21,10.0,21,6.0,20,14.0,19.0,79.0,51.1,0.00G,999.9,000000
723418,13977,20151004,61.1,24,49.0,24,1014.9,23,1000.7,23,10.0,24,4.3,24,8.9,14.0,77.0,48.0,0.00G,999.9,000000
723418,13977,20151005,65.5,24,55.1,24,1017.1,20,1002.9,23,10.0,24,3.8,24,8.9,15.9,79.0,53.1,0.00G,999.9,000000
723418,13977,20151006,70.6,24,58.9,24,1018.3,24,1004.1,23,10.0,24,1.9,24,8.0,999.9,86.0,57.9,0.00G,999.9,000000
723418,13977,20151007,73.4,24,60.5,24,1017.6,24,1003.5,23,10.0,24,2.6,23,7.0,999.9,88.0,61.0,0.00G,999.9,000000
723418,13977,20151008,75.4,24,60.5,24,1017.1,24,1003.0,23,10.0,24,2.4,24,6.0,999.9,90.0,64.0,0.00G,999.9,000000
723418,13977,20151009,75.8,24,60.6,24,1017.9,24,1003.8,23,10.0,24,3.4,24,15.0,21.0,91.0,63.0,0.00G,999.9,000000
723418,13977,20151010,67.8,24,55.0,24,1020.9,20,1006.9,24,10.0,24,3.9,23,8.0,999.9,78.1,60.1,0.00G,999.9,000000
723418,13977,20151011,67.7,24,50.8,24,1015.6,24,1001.3,23,10.0,24,4.0,24,9.9,999.9,87.1,50.0,0.00G,999.9,000000
723418,13977,20151012,78.8,24,61.8,24,1008.4,24,994.4,23,10.0,24,9.3,24,14.0,20.0,93.0,69.1,0.00G,999.9,000000
723418,13977,20151013,74.5,24,44.7,24,1012.9,24,998.9,23,10.0,24,4.2,24,11.1,18.1,89.1,54.0,0.00G,999.9,000000
723418,13977,20151014,72.0,24,40.0,24,1016.4,23,1002.4,23,10.0,24,2.0,24,8.0,999.9,93.0,51.1,0.00G,999.9,000000
723418,13977,20151015,76.3,24,43.1,24,1017.2,24,1003.1,23,10.0,24,6.6,24,12.0,17.1,95.0,60.1,0.00G,999.9,000000
723418,13977,20151016,71.0,24,45.7,24,1022.3,24,1008.2,23,10.0,24,7.0,24,13.0,19.0,84.0,61.0,0.00G,999.9,000000
723418,13977,20151017,61.3,24,35.4,24,1027.2,24,1012.9,23,10.0,24,5.3,24,11.1,15.9,71.1,52.0,0.00G,999.9,000000
723418,13977,20151018,56.8,24,32.8,24,1028.7,24,1014.2,23,10.0,24,4.1,24,9.9,15.0,73.9,44.1,0.00G,999.9,000000
723418,13977,20151019,60.3,24,33.4,24,1025.8,24,1011.3,23,10.0,24,3.2,24,6.0,999.9,79.0,43.0,0.00G,999.9,000000
723418,13977,20151020,67.0,24,45.1,24,1021.6,24,1007.2,23,10.0,24,6.3,24,11.1,15.9,82.0,54.0,0.00G,999.9,000000
723418,13977,20151021,72.2,24,56.5,24,1021.0,24,1006.9,23,10.0,24,5.5,23,9.9,999.9,82.9,63.0,0.00G,999.9,000000
723418,13977,20151022,71.6,24,56.2,24,1019.7,24,1005.5,23,10.0,24,6.1,24,15.9,22.0,86.0,57.0,0.00G,999.9,000000
723418,13977,20151023,71.4,23,64.7,23,1015.8,20,1001.8,22,9.6,23,7.3,23,13.0,18.1,77.0*,64.9*,0.00G,999.9,010000
723418,13977,20151024,66.6,23,65.8,23,1016.1,16,1001.9,22,9.7,23,4.7,23,15.0,18.1,73.9,64.9,3.43G,999.9,010000
723418,13977,20151025,58.8,24,57.6,24,1018.5,17,1004.4,22,10.0,24,8.5,24,12.0,20.0,66.2*,55.4*,0.68G,999.9,010000
723418,13977,20151026,58.5,24,54.1,24,1014.7,23,1000.3,23,10.0,24,11.8,24,15.9,22.0,64.4*,55.0*,0.32G,999.9,010000
723418,13977,20151027,65.8,24,60.4,24,1009.6,22,995.4,24,10.0,24,6.6,24,11.1,19.0,79.0,60.1,0.22G,999.9,010000
723418,13977,20151028,70.7,24,58.5,24,1007.4,19,993.4,23,8.5,23,3.9,23,7.0,999.9,79.0,61.0,0.02G,999.9,100000
723418,13977,20151029,62.2,24,49.9,24,1012.8,23,998.5,23,9.2,24,2.2,24,7.0,999.9,75.0,50.0,0.00G,999.9,000000
723418,13977,20151030,57.5,24,50.7,24,1014.3,24,999.9,23,9.5,24,5.4,24,11.1,18.1,66.0,48.9,0.00G,999.9,010000
723418,13977,20151031,63.5,24,60.6,24,1007.9,15,993.7,24,7.1,24,6.3,24,18.1,27.0,72.0,60.1,1.54G,999.9,010000
723418,13977,20151101,64.0,24,61.6,24,1012.8,14,999.1,23,8.9,24,3.0,24,7.0,999.9,66.9,62.1,0.34G,999.9,010000
723418,13977,20151102,64.0,24,60.2,24,1014.8,15,1000.6,21,7.0,24,2.8,24,7.0,999.9,72.0,60.1,0.04G,999.9,010000
723418,13977,20151103,60.8,24,58.9,24,1017.4,15,1003.2,24,5.2,24,0.9,24,5.1,999.9,66.0*,55.4*,0.00G,999.9,100000
723418,13977,20151104,66.1,24,60.1,24,1018.6,21,1004.4,23,7.5,24,2.8,24,8.9,999.9,77.0,61.0,0.00G,999.9,010000
723418,13977,20151105,69.0,24,63.3,24,1016.5,22,1002.2,24,9.9,24,6.9,24,13.0,999.9,79.0,64.0,0.00G,999.9,000000
723418,13977,20151106,67.5,24,64.6,24,1016.9,18,1002.3,24,8.3,24,5.3,24,29.9,42.0,75.0,63.0,0.97G,999.9,010010
723418,13977,20151107,58.5,24,53.2,24,1022.2,21,1008.0,23,9.3,24,6.7,24,11.1,19.0,64.9,54.0,0.43G,999.9,010000
723418,13977,20151108,55.0,24,39.7,24,1025.1,24,1010.5,23,10.0,24,7.7,24,11.1,21.0,64.0,46.9,0.05G,999.9,000000
723418,13977,20151109,51.7,24,41.7,24,1021.5,24,1007.0,23,10.0,24,2.2,24,5.1,999.9,66.0,43.0,0.00G,999.9,000000
723418,13977,20151110,58.5,24,51.4,24,1019.1,24,1004.6,23,9.5,24,3.9,24,9.9,999.9,73.0,46.9,0.00G,999.9,000000
723418,13977,20151111,67.0,24,63.2,24,1012.8,18,997.4,23,9.1,24,8.7,24,24.1,35.0,75.0,62.1,0.00G,999.9,110010
723418,13977,20151112,58.6,24,42.1,24,1018.4,24,1003.8,24,9.9,24,8.0,24,12.0,999.9,68.0,46.9,0.69G,999.9,000000
723418,13977,20151113,53.0,24,36.3,24,1025.5,24,1011.0,23,9.7,24,2.9,24,7.0,999.9,66.9,39.0,0.00G,999.9,000000
723418,13977,20151114,52.4,24,37.7,24,1027.9,24,1013.3,23,10.0,24,3.5,24,8.9,999.9,64.0,39.0,0.00G,999.9,000000
723418,13977,20151115,55.4,24,43.1,24,1026.0,23,1011.3,23,10.0,24,3.9,24,9.9,999.9,66.0,48.0,0.00G,999.9,000000
723418,13977,20151116,58.3,24,51.9,24,1018.2,19,1002.9,23,8.6,24,6.1,24,12.0,22.9,66.0,53.1,0.00G,999.9,010000
723418,13977,20151117,65.5,24,62.9,24,1004.9,12,990.0,24,7.4,24,12.2,24,28.0,45.1,75.0,53.1,0.35G,999.9,010000
723418,13977,20151118,53.0,24,44.9,24,1007.2,24,992.9,24,10.0,24,8.9,24,15.0,22.9,62.1,46.0,2.21G,999.9,000000
723418,13977,20151119,54.6,24,44.3,24,1017.9,24,1003.5,23,10.0,24,4.5,24,8.9,999.9,69.1,41.0,0.00G,999.9,000000
723418,13977,20151120,54.5,24,43.9,24,1021.5,23,1006.7,23,10.0,24,4.8,24,8.0,999.9,66.9,44.1,0.00G,999.9,000000
723418,13977,20151121,51.2,24,41.9,24,1018.4,21,1004.2,23,10.0,24,7.7,24,20.0,27.0,59.0,44.1,0.00G,999.9,000000
723418,13977,20151122,38.6,24,27.0,24,1026.3,23,1011.4,23,10.0,24,1.9,24,6.0,999.9,51.1,28.0,0.00G,999.9,000000
723418,13977,20151123,43.6,24,29.9,24,1025.5,24,1010.8,23,10.0,24,3.3,24,8.0,999.9,60.1,32.0,0.00G,999.9,000000
723418,13977,20151124,50.1,24,33.2,24,1024.2,24,1009.6,23,10.0,24,5.8,24,11.1,17.1,63.0,39.0,0.00G,999.9,000000
723418,13977,20151125,57.5,24,45.9,24,1021.0,24,1006.5,23,10.0,24,7.6,24,12.0,999.9,70.0,50.0,0.00G,999.9,000000
723418,13977,20151126,65.3,24,60.9,24,1022.9,19,1008.6,23,9.2,24,8.5,24,14.0,21.0,70.0,61.0,0.00G,999.9,010000
723418,13977,20151127,66.2,24,63.8,24,1021.3,12,1007.2,23,7.5,24,9.2,24,15.0,20.0,70.0,54.0,0.60G,999.9,010000
723418,13977,20151128,49.9,24,49.0,24,1020.8,6,1006.2,23,4.4,24,3.9,24,8.0,999.9,54.0,48.0,1.46G,999.9,010000
723418,13977,20151129,49.0,24,47.9,24,1020.9,13,1006.9,21,6.4,24,4.3,24,7.0,999.9,51.8*,46.9*,1.01G,999.9,010000
723418,13977,20151130,48.6,24,47.7,24,1016.5,11,1002.7,21,5.8,24,3.7,24,7.0,999.9,52.0,46.9,1.13G,999.9,010000
723418,13977,20151201,47.1,24,42.8,24,1017.0,18,1002.4,24,9.6,24,4.9,24,9.9,999.9,52.0,44.1,0.08G,999.9,010000
723418,13977,20151202,44.5,24,37.5,24,1018.2,23,1003.7,23,9.5,24,5.3,24,12.0,15.9,55.0,35.1,0.00G,999.9,000000
723418,13977,20151203,44.6,23,34.9,23,1026.5,23,1011.9,22,10.0,23,2.5,23,5.1,999.9,57.0,33.1,0.00G,999.9,000000
723418,13977,20151204,41.9,24,34.7,24,1031.9,24,1017.1,23,9.1,24,2.5,24,6.0,999.9,54.0,33.1,0.00G,999.9,000000
723418,13977,20151205,42.7,24,33.8,24,1032.4,24,1017.5,23,9.5,24,3.2,24,6.0,999.9,59.0,30.0,0.00G,999.9,000000
723418,13977,20151206,48.1,24,39.1,24,1029.2,24,1014.4,23,10.0,24,2.9,24,7.0,999.9,66.0,35.1,0.00G,999.9,000000
723418,13977,20151207,50.3,24,41.9,24,1025.5,24,1010.8,23,9.4,24,2.1,24,6.0,999.9,66.0,36.0,0.00G,999.9,000000
723418,13977,20151208,54.2,24,44.8,24,1017.5,24,1003.7,20,9.2,24,6.9,24,13.0,18.1,69.1,44.1,0.00G,999.9,000000
723418,13977,20151209,54.9,19,47.8,19,1013.1,14,999.0,7,6.9,19,4.7,19,9.9,999.9,71.1*,44.6*,0.00G,999.9,100000
723418,13977,20151210,57.3,24,51.2,24,1011.2,22,996.0,18,8.6,24,6.6,24,15.0,24.1,68.0,50.0,0.00G,999.9,000000
723418,13977,20151211,66.2,24,60.7,24,1008.9,19,994.7,23,7.2,24,7.9,24,14.0,22.0,78.1,57.0,0.00G,999.9,000000
723418,13977,20151212,70.2,24,64.7,24,1011.8,21,997.7,24,9.9,24,9.6,24,14.0,21.0,73.9,66.0,0.00G,999.9,000000
723418,13977,20151213,64.1,24,60.3,24,1005.4,16,990.3,23,7.8,24,14.0,24,25.1,42.0,72.0,51.1,0.15G,999.9,010000
723418,13977,20151214,52.7,24,43.0,24,1005.4,18,990.4,24,10.0,24,10.1,24,15.0,22.9,63.0,46.0,1.58G,999.9,010000
723418,13977,20151215,57.5,24,47.6,24,1008.6,24,994.2,23,10.0,24,6.6,24,9.9,999.9,72.0,48.0,0.00G,999.9,000000
723418,13977,20151216,59.2,24,46.5,24,1009.8,20,995.2,24,9.5,24,7.2,24,14.0,19.0,64.9*,52.0*,0.36G,999.9,010010
723418,13977,20151217,44.3,24,29.4,24,1015.4,23,1001.0,23,10.0,24,3.5,24,8.0,999.9,54.0,33.1,0.00I,999.9,000000
723418,13977,20151218,41.3,24,30.3,24,1024.7,24,1010.1,23,10.0,24,3.7,23,8.0,999.9,53.1,33.1,0.00G,999.9,000000
723418,13977,20151219,44.2,24,29.8,24,1030.4,24,1015.7,23,10.0,24,4.5,24,12.0,999.9,60.1,30.9,0.00G,999.9,000000
723418,13977,20151220,48.0,24,35.0,24,1025.5,24,1010.7,23,10.0,24,7.1,24,9.9,999.9,57.0,37.0,0.00G,999.9,000000
723418,13977,20151221,62.4,24,57.3,24,1014.5,18,999.9,23,9.7,24,9.6,24,14.0,22.9,73.0,54.0,0.00G,999.9,010000
723418,13977,20151222,55.3,24,44.9,24,1010.2,24,995.7,23,10.0,24,4.1,24,9.9,999.9,69.1,39.0,0.00G,999.9,000000
723418,13977,20151223,68.2,24,58.5,24,999.0,17,984.7,23,9.2,24,11.8,24,22.9,34.0,77.0,57.9,0.02G,999.9,010010
723418,13977,20151224,60.4,24,48.3,24,1009.0,24,994.7,22,10.0,24,3.8,24,8.9,999.9,78.1,46.0,0.21G,999.9,000000
723418,13977,20151225,62.1,24,57.5,24,1015.0,17,1000.7,23,6.9,24,5.9,24,8.9,15.9,66.0,59.0,0.00G,999.9,000000
723418,13977,20151226,66.1,24,62.5,24,1011.8,14,997.9,24,6.9,24,8.2,24,17.1,22.0,78.1*,57.2*,0.24G,999.9,110000
723418,13977,20151227,71.7,24,66.7,24,1006.2,18,991.8,23,9.7,24,11.8,24,19.0,28.0,77.0,60.1,0.07G,999.9,010010
723418,13977,20151228,47.0,24,44.4,24,1003.5,12,988.2,24,7.2,24,15.0,24,28.9,35.9,60.1,39.0,3.34G,999.9,110010
723418,13977,20151229,38.1,24,32.1,24,1017.3,21,1003.0,23,10.0,24,5.7,24,13.0,999.9,41.0,37.0,0.13G,999.9,000000
723418,13977,20151230,42.9,24,36.3,24,1023.2,22,1008.4,20,10.0,24,3.5,24,9.9,999.9,48.9,39.9,0.00G,999.9,000000
723418,13977,20151231,38.9,24,34.5,24,1027.2,23,1012.3,19,8.2,24,3.8,24,8.0,999.9,48.0,30.9,0.00G,999.9,100000
