999999,93804,20180101,26.7,20,1.4,20,9999.9,0,1000.8,20,10.0,20,8.0,20,14.0,18.1,30.2*,23.0*,0.00I,999.9,000000
999999,93804,20180102,20.7,24,0.9,24,9999.9,0,1004.2,24,10.0,24,1.9,24,8.9,999.9,32.0*,8.6*,0.00I,999.9,000000
999999,93804,20180103,24.2,24,3.8,24,9999.9,0,995.3,24,10.0,24,1.1,24,5.1,999.9,32.0*,17.6*,0.00I,999.9,000000
999999,93804,20180104,27.6,24,3.7,24,9999.9,0,984.3,24,10.0,24,9.3,24,22.0,28.0,32.0*,19.4*,0.00I,999.9,000000
999999,93804,20180105,24.6,24,-0.5,24,9999.9,0,992.5,24,10.0,24,6.5,24,15.9,26.0,33.8*,17.6*,0.00I,999.9,000000
999999,93804,20180106,25.3,24,1.1,24,9999.9,0,999.2,24,10.0,24,3.6,24,9.9,999.9,33.8*,14.0*,0.00I,999.9,000000
999999,93804,20180107,23.1,24,-1.7,24,9999.9,0,1004.8,24,10.0,24,1.7,24,6.0,999.9,32.0*,12.2*,0.00I,999.9,000000
999999,93804,20180108,29.1,24,10.3,24,9999.9,0,998.8,24,10.0,24,0.2,24,2.9,999.9,41.0*,21.2*,99.99,999.9,010000
999999,93804,20180109,41.7,24,34.9,24,9999.9,0,994.4,24,9.9,24,1.2,24,6.0,999.9,64.4*,30.2*,0.00I,999.9,000000
999999,93804,20180110,50.8,24,41.9,24,9999.9,0,996.4,24,10.0,24,2.6,24,8.0,999.9,60.8*,41.0*,0.00I,999.9,000000
999999,93804,20180111,48.8,24,43.4,24,9999.9,0,993.9,24,5.6,24,6.6,24,11.1,14.0,53.6*,44.6*,99.99,999.9,110000
999999,93804,20180112,60.5,24,58.9,24,9999.9,0,981.0,24,6.0,24,4.3,24,11.1,24.1,62.6*,53.6*,99.99,999.9,010000
999999,93804,20180113,40.2,24,30.3,24,9999.9,0,983.7,24,10.0,24,8.2,24,15.9,22.0,53.6*,32.0*,0.00I,999.9,000000
999999,93804,20180114,28.0,24,13.3,24,9999.9,0,1001.5,24,10.0,24,5.0,24,9.9,999.9,33.8*,21.2*,0.00I,999.9,000000
999999,93804,20180115,28.2,24,12.8,24,9999.9,0,1002.8,24,10.0,24,2.3,24,6.0,999.9,39.2*,21.2*,0.00I,999.9,000000
999999,93804,20180116,32.2,24,19.8,24,9999.9,0,1000.1,24,10.0,24,1.4,24,8.0,999.9,48.2*,21.2*,0.00I,999.9,000000
999999,93804,20180117,34.3,24,26.5,24,9999.9,0,995.1,24,7.3,24,0.9,24,7.0,999.9,44.6*,23.0*,99.99,999.9,011000
999999,93804,20180118,24.2,24,7.6,24,9999.9,0,997.2,24,10.0,24,1.5,24,8.0,999.9,41.0*,12.2*,0.00I,999.9,000000
999999,93804,20180119,36.0,24,17.2,24,9999.9,0,994.0,24,10.0,24,1.6,24,5.1,999.9,53.6*,23.0*,0.00I,999.9,000000
999999,93804,20180120,41.6,24,20.7,24,9999.9,0,992.3,24,10.0,24,1.8,24,7.0,999.9,64.4*,28.4*,0.00I,999.9,000000
999999,93804,20180121,48.3,24,34.3,24,9999.9,0,993.9,24,10.0,24,1.4,24,6.0,999.9,68.0*,32.0*,0.00I,999.9,000000
999999,93804,20180122,48.1,24,39.9,24,9999.9,0,991.8,24,10.0,24,0.9,24,4.1,999.9,60.8*,37.4*,0.00I,999.9,000000
999999,93804,20180123,57.4,24,43.2,24,9999.9,0,982.2,24,9.7,24,9.0,24,17.1,27.0,60.8*,51.8*,99.99,999.9,010000
999999,93804,20180124,45.6,24,26.4,24,9999.9,0,989.9,24,10.0,24,5.2,24,11.1,18.1,53.6*,37.4*,0.00I,999.9,000000
999999,93804,20180125,42.2,24,20.5,24,9999.9,0,999.7,24,10.0,24,4.2,24,13.0,20.0,53.6*,30.2*,0.00I,999.9,000000
999999,93804,20180126,39.3,24,22.3,24,9999.9,0,1006.2,24,10.0,24,0.8,24,7.0,999.9,53.6*,28.4*,0.00I,999.9,000000
999999,93804,20180127,46.8,24,32.3,24,9999.9,0,1003.8,24,10.0,24,0.4,24,5.1,999.9,59.0*,37.4*,99.99,999.9,010000
999999,93804,20180128,48.7,24,46.4,24,9999.9,0,995.7,24,5.8,24,2.1,24,7.0,999.9,53.6*,46.4*,99.99,999.9,010000
999999,93804,20180129,52.1,24,42.8,24,9999.9,0,988.3,24,10.0,24,5.9,24,13.0,19.0,59.0*,48.2*,99.99,999.9,010000
999999,93804,20180130,39.0,23,17.6,23,9999.9,0,992.9,23,10.0,23,8.7,23,15.9,22.0,48.2*,32.0*,0.00I,999.9,000000
999999,93804,20180131,32.9,21,14.9,21,9999.9,0,997.5,21,10.0,21,3.3,21,8.9,15.0,50.0*,21.2*,0.00I,999.9,000000
999999,93804,20180201,41.5,20,27.1,20,9999.9,0,991.2,20,10.0,20,4.3,20,8.0,999.9,55.4*,32.0*,0.00I,999.9,000000
999999,93804,20180202,43.0,24,23.5,24,9999.9,0,991.6,24,9.8,24,9.0,24,18.1,28.0,53.6*,33.8*,99.99,999.9,010000
999999,93804,20180203,30.8,24,7.8,24,9999.9,0,1000.7,24,10.0,24,3.0,24,9.9,999.9,42.8*,21.2*,0.00I,999.9,000000
999999,93804,20180204,34.4,24,23.0,24,9999.9,0,990.2,24,8.3,24,1.5,24,8.9,999.9,42.8*,32.0*,99.99,999.9,011000
999999,93804,20180205,41.1,24,31.9,24,9999.9,0,988.1,24,8.0,24,4.2,24,12.0,18.1,51.8*,32.0*,0.00I,999.9,100000
999999,93804,20180206,42.0,24,31.5,24,9999.9,0,995.7,24,10.0,24,1.3,24,8.9,17.1,60.8*,30.2*,0.00I,999.9,000000
999999,93804,20180207,50.7,24,45.1,24,9999.9,0,992.0,24,7.9,24,1.7,24,12.0,17.1,59.0*,46.4*,99.99,999.9,010000
999999,93804,20180208,48.2,24,32.0,24,9999.9,0,995.7,24,10.0,24,4.4,24,11.1,15.9,59.0*,35.6*,0.00I,999.9,000000
999999,93804,20180209,40.2,21,30.2,21,9999.9,0,1000.5,21,10.0,21,1.0,21,5.1,999.9,59.0*,32.0*,0.00I,999.9,000000
999999,93804,20180210,49.5,24,42.9,24,9999.9,0,994.2,24,5.0,24,0.6,24,5.1,999.9,53.6*,46.4*,99.99,999.9,110000
999999,93804,20180211,60.3,24,57.3,24,9999.9,0,987.6,24,7.1,24,4.3,24,12.0,21.0,68.0*,51.8*,99.99,999.9,110000
999999,93804,20180212,62.9,24,58.2,24,9999.9,0,992.7,24,9.4,24,4.9,24,8.9,999.9,69.8*,59.0*,99.99,999.9,010000
999999,93804,20180213,47.4,24,38.0,24,9999.9,0,1005.8,24,9.3,24,8.0,24,13.0,22.9,60.8*,42.8*,99.99,999.9,010000
999999,93804,20180214,45.8,24,36.6,24,9999.9,0,1002.8,24,10.0,24,2.3,24,8.0,999.9,60.8*,33.8*,99.99,999.9,010000
999999,93804,20180215,60.9,24,53.5,24,9999.9,0,993.2,24,9.6,24,7.7,24,15.0,22.9,73.4*,55.4*,0.00I,999.9,000000
999999,93804,20180216,69.0,24,56.5,24,9999.9,0,985.8,24,9.8,24,12.0,24,18.1,28.0,78.8*,62.6*,0.00I,999.9,000000
999999,93804,20180217,53.8,24,42.1,24,9999.9,0,991.4,24,9.5,24,6.2,24,12.0,15.0,64.4*,44.6*,99.99,999.9,010000
999999,93804,20180218,50.4,24,41.7,24,9999.9,0,993.3,24,6.4,24,2.1,24,7.0,999.9,64.4*,42.8*,99.99,999.9,110000
999999,93804,20180219,52.8,24,47.9,24,9999.9,0,999.0,24,4.3,24,0.8,24,7.0,999.9,59.0*,50.0*,99.99,999.9,110000
999999,93804,20180220,56.5,24,54.0,24,9999.9,0,1000.3,24,3.8,24,0.3,24,4.1,999.9,69.8*,51.8*,99.99,999.9,110000
999999,93804,20180221,66.2,24,60.9,24,9999.9,0,1000.3,24,9.4,24,1.7,24,5.1,999.9,77.0*,60.8*,99.99,999.9,010000
999999,93804,20180222,67.3,24,60.7,24,9999.9,0,1000.6,24,8.9,24,4.4,24,9.9,15.0,77.0*,62.6*,0.00I,999.9,000000
999999,93804,20180223,65.5,24,56.5,24,9999.9,0,999.9,24,9.4,24,2.1,24,7.0,999.9,77.0*,55.4*,0.00I,999.9,000000
999999,93804,20180224,64.1,24,54.7,24,9999.9,0,993.9,24,9.0,24,4.0,24,14.0,22.9,78.8*,51.8*,0.00I,999.9,100000
999999,93804,20180225,65.8,24,55.9,24,9999.9,0,988.8,24,10.0,24,4.6,24,9.9,999.9,71.6*,60.8*,99.99,999.9,010000
999999,93804,20180226,59.3,24,51.5,24,9999.9,0,991.1,24,10.0,24,5.7,24,11.1,17.1,68.0*,53.6*,99.99,999.9,010000
999999,93804,20180227,47.7,23,35.4,23,9999.9,0,999.1,23,10.0,23,3.9,23,9.9,999.9,60.8*,35.6*,0.00I,999.9,000000
999999,93804,20180228,47.7,22,37.5,22,9999.9,0,993.9,22,9.4,22,1.0,22,7.0,999.9,55.4*,44.6*,99.99,999.9,010000
999999,93804,20180301,52.8,20,51.3,20,9999.9,0,981.1,20,4.2,20,1.8,20,13.0,18.1,59.0*,50.0*,99.99,999.9,110000
999999,93804,20180302,52.6,24,30.3,24,9999.9,0,986.4,24,10.0,24,10.1,24,19.0,28.0,59.0*,44.6*,0.00I,999.9,000000
999999,93804,20180303,46.0,24,16.4,24,9999.9,0,993.2,24,10.0,24,6.3,24,12.0,19.0,60.8*,32.0*,0.00I,999.9,000000
999999,93804,20180304,46.8,24,14.6,24,9999.9,0,993.8,24,10.0,24,3.0,24,9.9,14.0,62.6*,32.0*,0.00I,999.9,000000
999999,93804,20180305,44.9,24,25.1,24,9999.9,0,990.5,24,10.0,24,1.2,24,6.0,999.9,60.8*,32.0*,0.00I,999.9,000000
999999,93804,20180306,46.3,24,40.1,24,9999.9,0,984.3,24,7.9,24,1.8,24,8.0,999.9,53.6*,41.0*,99.99,999.9,010000
999999,93804,20180307,44.1,24,34.1,24,9999.9,0,980.1,24,7.1,24,5.3,24,15.0,22.9,50.0*,41.0*,0.00I,999.9,100000
999999,93804,20180308,37.8,24,22.0,24,9999.9,0,984.9,24,10.0,24,5.5,24,15.9,22.9,50.0*,28.4*,0.00I,999.9,000000
999999,93804,20180309,39.0,24,16.2,24,9999.9,0,987.6,24,10.0,24,5.9,24,15.0,22.9,55.4*,26.6*,0.00I,999.9,000000
999999,93804,20180310,48.6,24,28.9,24,9999.9,0,986.4,24,10.0,24,4.0,24,7.0,999.9,62.6*,35.6*,99.99,999.9,010000
999999,93804,20180311,47.0,24,44.1,24,9999.9,0,985.7,24,7.5,24,4.0,24,12.0,15.9,51.8*,42.8*,99.99,999.9,010000
999999,93804,20180312,40.4,24,35.7,24,9999.9,0,980.7,24,8.3,24,7.9,24,15.0,22.9,48.2*,37.4*,99.99,999.9,010000
999999,93804,20180313,42.6,24,19.9,24,9999.9,0,986.1,24,10.0,24,7.7,24,15.0,26.0,51.8*,35.6*,0.00I,999.9,000000
999999,93804,20180314,39.1,24,18.0,24,9999.9,0,986.3,24,10.0,24,6.9,24,14.0,22.0,48.2*,30.2*,0.00I,999.9,000000
999999,93804,20180315,43.8,24,17.1,24,9999.9,0,985.6,24,9.9,24,6.4,24,19.0,26.0,68.0*,26.6*,0.00I,999.9,000000
999999,93804,20180316,60.3,24,26.8,24,9999.9,0,983.8,24,10.0,24,6.8,24,12.0,18.1,73.4*,48.2*,0.00I,999.9,000000
999999,93804,20180317,57.1,24,37.7,24,9999.9,0,984.9,24,10.0,24,4.0,24,15.9,24.1,73.4*,42.8*,99.99,999.9,010000
999999,93804,20180318,64.1,24,45.4,24,9999.9,0,981.5,24,10.0,24,5.7,24,9.9,18.1,71.6*,51.8*,0.00I,999.9,000000
999999,93804,20180319,56.8,24,46.0,24,9999.9,0,981.2,24,10.0,24,2.5,24,8.0,999.9,62.6*,51.8*,99.99,999.9,010000
999999,93804,20180320,59.5,24,52.6,24,9999.9,0,972.0,24,7.3,24,3.8,24,14.0,20.0,69.8*,53.6*,99.99,999.9,110010
999999,93804,20180321,44.9,24,33.3,24,9999.9,0,975.3,24,9.9,24,6.2,24,13.0,22.0,59.0*,37.4*,99.99,999.9,010000
999999,93804,20180322,41.1,24,20.3,24,9999.9,0,989.7,24,10.0,24,8.5,24,15.0,22.9,53.6*,30.2*,0.00I,999.9,000000
999999,93804,20180323,47.0,24,17.3,24,9999.9,0,993.7,24,10.0,24,7.2,24,15.0,22.0,60.8*,37.4*,0.00I,999.9,000000
999999,93804,20180324,50.2,24,26.1,24,9999.9,0,991.9,24,10.0,24,3.9,24,8.9,999.9,55.4*,41.0*,99.99,999.9,010000
999999,93804,20180325,40.4,24,35.4,24,9999.9,0,990.1,24,9.5,24,7.7,24,13.0,17.1,50.0*,35.6*,99.99,999.9,010000
999999,93804,20180326,46.5,24,27.4,24,9999.9,0,1000.9,24,10.0,24,6.8,24,11.1,18.1,55.4*,41.0*,0.00I,999.9,000000
999999,93804,20180327,48.7,24,31.9,24,9999.9,0,1001.5,24,10.0,24,2.0,24,6.0,999.9,51.8*,44.6*,0.00I,999.9,000000
999999,93804,20180328,54.4,24,45.7,24,9999.9,0,992.9,24,10.0,24,3.5,24,15.0,22.0,71.6*,44.6*,0.00I,999.9,000000
999999,93804,20180329,63.6,24,52.2,24,9999.9,0,987.6,24,10.0,24,4.0,24,12.0,22.9,75.2*,53.6*,0.00I,999.9,000000
999999,93804,20180330,64.7,23,51.6,23,9999.9,0,984.7,23,9.5,23,6.7,23,15.0,22.0,71.6*,57.2*,99.99,999.9,010000
999999,93804,20180331,51.6,22,31.8,22,9999.9,0,995.4,22,10.0,22,5.0,22,8.9,17.1,64.4*,37.4*,0.00I,999.9,000000
999999,93804,20180401,57.9,20,33.9,20,9999.9,0,990.6,20,10.0,20,4.6,20,15.9,22.0,77.0*,37.4*,0.00I,999.9,000000
999999,93804,20180402,66.5,24,40.2,24,9999.9,0,985.8,24,9.9,24,4.5,24,12.0,17.1,78.8*,55.4*,0.00I,999.9,000000
999999,93804,20180403,63.4,24,45.8,24,9999.9,0,986.4,24,10.0,24,3.3,24,13.0,18.1,80.6*,50.0*,0.00I,999.9,000000
999999,93804,20180404,66.9,24,46.1,24,9999.9,0,981.8,24,10.0,24,7.0,24,15.9,20.0,73.4*,55.4*,99.99,999.9,010000
999999,93804,20180405,49.2,24,19.0,24,9999.9,0,991.7,24,10.0,24,3.9,24,15.0,24.1,62.6*,32.0*,0.00I,999.9,000000
999999,93804,20180406,53.8,24,32.8,24,9999.9,0,988.7,24,10.0,24,3.4,24,11.1,15.9,71.6*,37.4*,99.99,999.9,010000
999999,93804,20180407,56.4,24,49.2,24,9999.9,0,980.1,24,8.8,24,2.6,24,19.0,24.1,66.2*,46.4*,99.99,999.9,010000
999999,93804,20180408,43.7,24,33.3,24,9999.9,0,984.6,24,10.0,24,5.4,24,14.0,19.0,53.6*,37.4*,99.99,999.9,010000
999999,93804,20180409,46.9,24,37.6,24,9999.9,0,988.1,24,9.2,24,1.3,24,6.0,999.9,53.6*,42.8*,99.99,999.9,010000
999999,93804,20180410,53.2,24,39.6,24,9999.9,0,990.9,24,10.0,24,2.2,24,8.9,999.9,66.2*,46.4*,0.00I,999.9,000000
999999,93804,20180411,57.3,24,33.1,24,9999.9,0,990.7,24,10.0,24,4.2,24,11.1,15.9,68.0*,46.4*,0.00I,999.9,000000
999999,93804,20180412,56.8,24,37.1,24,9999.9,0,992.3,24,10.0,24,3.4,24,11.1,18.1,75.2*,41.0*,0.00I,999.9,000000
999999,93804,20180413,63.1,24,43.2,24,9999.9,0,990.4,24,10.0,24,3.7,24,11.1,20.0,77.0*,44.6*,0.00I,999.9,000000
999999,93804,20180414,67.2,24,51.8,24,9999.9,0,988.8,24,10.0,24,3.0,24,8.9,15.0,78.8*,53.6*,0.00I,999.9,000000
999999,93804,20180415,66.1,24,58.9,24,9999.9,0,982.2,24,8.9,24,4.8,24,11.1,22.0,73.4*,60.8*,99.99,999.9,010010
999999,93804,20180416,50.4,24,37.3,24,9999.9,0,978.1,24,10.0,24,12.0,24,22.9,28.0,62.6*,41.0*,0.00I,999.9,000000
999999,93804,20180417,46.9,24,27.3,24,9999.9,0,985.2,24,10.0,24,6.7,24,15.9,24.1,73.4*,32.0*,0.00I,999.9,000000
999999,93804,20180418,67.2,24,39.5,24,9999.9,0,982.3,24,10.0,24,8.0,24,15.9,26.0,82.4*,53.6*,0.00I,999.9,000000
999999,93804,20180419,68.1,24,40.8,24,9999.9,0,982.3,24,10.0,24,9.4,24,19.0,26.0,77.0*,55.4*,0.00I,999.9,000000
999999,93804,20180420,50.1,24,28.4,24,9999.9,0,995.9,24,10.0,24,3.1,24,9.9,15.0,68.0*,33.8*,0.00I,999.9,000000
999999,93804,20180421,53.8,24,33.0,24,9999.9,0,998.2,24,10.0,24,2.6,24,7.0,999.9,69.8*,41.0*,0.00I,999.9,000000
999999,93804,20180422,56.4,24,42.0,24,9999.9,0,996.5,24,10.0,24,2.5,24,7.0,999.9,68.0*,46.4*,99.99,999.9,010000
999999,93804,20180423,55.0,24,51.0,24,9999.9,0,992.4,24,7.9,24,6.0,24,13.0,18.1,60.8*,51.8*,99.99,999.9,010000
999999,93804,20180424,58.1,24,55.3,24,9999.9,0,983.6,24,6.9,24,6.6,24,15.0,22.9,64.4*,55.4*,99.99,999.9,010000
999999,93804,20180425,62.9,24,52.1,24,9999.9,0,980.4,24,9.9,24,4.4,24,15.0,19.0,73.4*,55.4*,99.99,999.9,010000
999999,93804,20180426,60.8,24,49.4,24,9999.9,0,982.3,24,9.7,24,3.4,24,8.0,999.9,68.0*,53.6*,99.99,999.9,010000
999999,93804,20180427,58.3,24,50.3,24,9999.9,0,980.4,24,7.0,24,1.6,24,7.0,999.9,71.6*,50.0*,99.99,999.9,110000
999999,93804,20180428,62.1,24,44.5,24,9999.9,0,982.5,24,10.0,24,2.7,24,8.9,999.9,77.0*,46.4*,0.00I,999.9,000000
999999,93804,20180429,60.2,24,31.2,24,9999.9,0,989.0,24,10.0,24,5.2,24,11.1,15.9,69.8*,48.2*,0.00I,999.9,000000
999999,93804,20180430,52.8,21,33.3,21,9999.9,0,995.5,21,10.0,21,1.2,21,7.0,999.9,71.6*,39.2*,0.00I,999.9,000000
999999,93804,20180501,62.1,21,40.7,21,9999.9,0,994.7,21,10.0,21,2.7,21,8.9,15.0,78.8*,42.8*,0.00I,999.9,000000
999999,93804,20180502,65.3,24,46.6,24,9999.9,0,995.8,24,10.0,24,2.8,24,8.9,999.9,80.6*,50.0*,0.00I,999.9,000000
999999,93804,20180503,68.1,24,51.5,24,9999.9,0,994.9,24,10.0,24,4.2,24,11.1,18.1,82.4*,55.4*,0.00I,999.9,000000
999999,93804,20180504,68.8,24,52.0,24,9999.9,0,992.0,24,9.8,24,4.8,24,11.1,17.1,82.4*,55.4*,0.00I,999.9,000000
999999,93804,20180505,70.0,24,58.3,24,9999.9,0,988.6,24,10.0,24,1.9,24,6.0,999.9,78.8*,60.8*,0.00I,999.9,000000
999999,93804,20180506,69.3,24,56.5,24,9999.9,0,984.4,24,10.0,24,4.2,24,15.0,22.0,77.0*,59.0*,0.00I,999.9,000000
999999,93804,20180507,65.0,24,48.4,24,9999.9,0,987.1,24,10.0,24,2.7,24,9.9,999.9,78.8*,51.8*,0.00I,999.9,000000
999999,93804,20180508,64.8,24,52.5,24,9999.9,0,991.1,24,8.7,24,3.5,24,8.0,15.9,77.0*,55.4*,99.99,999.9,010010
999999,93804,20180509,67.4,23,52.7,23,9999.9,0,991.3,23,9.5,23,2.2,23,7.0,999.9,80.6*,53.6*,0.00I,999.9,000000
999999,93804,20180510,69.1,24,55.6,24,9999.9,0,988.8,24,9.6,24,3.0,24,22.0,33.0,86.0*,55.4*,99.99,999.9,010010
999999,93804,20180511,69.4,24,58.6,24,9999.9,0,988.8,24,8.6,24,1.6,24,8.9,14.0,87.8*,55.4*,0.00I,999.9,000000
999999,93804,20180512,73.8,24,58.3,24,9999.9,0,990.4,24,10.0,24,2.8,24,8.0,15.9,89.6*,59.0*,0.00I,999.9,000000
999999,93804,20180513,76.6,24,59.1,24,9999.9,0,989.2,24,10.0,24,1.2,24,5.1,999.9,89.6*,64.4*,0.00I,999.9,000000
999999,93804,20180514,76.0,24,59.6,24,9999.9,0,988.0,24,10.0,24,1.6,24,5.1,999.9,89.6*,64.4*,0.00I,999.9,000000
999999,93804,20180515,73.5,21,64.4,21,9999.9,0,987.9,21,10.0,21,2.1,21,8.9,15.0,80.6*,68.0*,99.99,999.9,010000
999999,93804,20180516,70.1,24,66.6,24,9999.9,0,985.6,24,8.3,24,2.8,24,8.0,999.9,78.8*,68.0*,99.99,999.9,010000
999999,93804,20180517,71.3,24,65.0,24,9999.9,0,984.3,24,9.6,24,1.7,24,8.0,999.9,82.4*,64.4*,99.99,999.9,010000
999999,93804,20180518,72.5,24,67.7,24,9999.9,0,984.7,24,8.2,24,2.9,24,8.0,999.9,80.6*,68.0*,99.99,999.9,010010
999999,93804,20180519,71.1,24,65.7,24,9999.9,0,988.6,24,9.0,24,2.1,24,7.0,999.9,80.6*,66.2*,99.99,999.9,010000
999999,93804,20180520,72.7,24,66.1,24,9999.9,0,990.8,24,8.5,24,1.3,24,12.0,15.9,84.2*,64.4*,99.99,999.9,110000
999999,93804,20180521,72.2,24,62.6,24,9999.9,0,991.7,24,10.0,24,2.4,24,8.0,999.9,82.4*,64.4*,0.00I,999.9,000000
999999,93804,20180522,72.3,24,64.9,24,9999.9,0,990.9,24,9.9,24,1.5,24,8.0,999.9,80.6*,64.4*,99.99,999.9,010000
999999,93804,20180523,73.3,24,66.6,24,9999.9,0,989.3,24,9.9,24,2.6,24,8.0,999.9,84.2*,66.2*,99.99,999.9,010000
999999,93804,20180524,73.3,24,67.1,24,9999.9,0,990.4,24,10.0,24,4.5,24,11.1,17.1,78.8*,68.0*,0.00I,999.9,000000
999999,93804,20180525,69.9,24,67.3,24,9999.9,0,990.3,24,8.5,24,0.9,24,7.0,999.9,73.4*,68.0*,99.99,999.9,010010
999999,93804,20180526,73.2,24,68.0,24,9999.9,0,986.0,24,8.1,24,2.4,24,7.0,999.9,82.4*,68.0*,99.99,999.9,010010
999999,93804,20180527,74.0,24,68.2,24,9999.9,0,986.0,24,9.0,24,1.9,24,8.0,999.9,80.6*,69.8*,0.00I,999.9,000000
999999,93804,20180528,71.2,24,67.8,24,9999.9,0,985.5,24,8.5,24,4.1,24,8.9,15.9,77.0*,68.0*,99.99,999.9,010000
999999,93804,20180529,73.2,24,70.4,24,9999.9,0,984.5,24,7.2,24,3.2,24,8.9,14.0,80.6*,69.8*,99.99,999.9,010000
999999,93804,20180530,73.1,22,69.1,22,9999.9,0,985.6,22,7.3,22,2.8,22,8.9,15.0,82.4*,69.8*,99.99,999.9,010010
999999,93804,20180531,74.8,22,68.9,22,9999.9,0,986.1,22,8.8,22,3.1,22,8.0,999.9,86.0*,69.8*,99.99,999.9,010000
999999,93804,20180601,75.0,20,66.5,20,9999.9,0,984.3,20,8.8,20,3.5,20,9.9,17.1,87.8*,64.4*,0.00I,999.9,000000
999999,93804,20180602,74.4,24,63.9,24,9999.9,0,982.4,24,9.1,24,4.3,24,11.1,18.1,87.8*,64.4*,99.99,999.9,010010
999999,93804,20180603,77.5,24,66.2,24,9999.9,0,981.8,24,9.4,24,2.6,24,9.9,999.9,87.8*,68.0*,99.99,999.9,010000
999999,93804,20180604,76.6,24,57.0,24,9999.9,0,983.1,24,9.5,24,4.7,24,8.9,14.0,84.2*,66.2*,0.00I,999.9,000000
999999,93804,20180605,71.0,24,54.0,24,9999.9,0,983.1,24,10.0,24,2.2,24,6.0,999.9,82.4*,59.0*,0.00I,999.9,000000
999999,93804,20180606,73.4,24,56.8,24,9999.9,0,982.1,24,10.0,24,2.7,24,8.0,14.0,87.8*,59.0*,0.00I,999.9,000000
999999,93804,20180607,75.1,24,60.2,24,9999.9,0,986.5,24,10.0,24,4.5,24,8.9,14.0,87.8*,64.4*,0.00I,999.9,000000
999999,93804,20180608,77.0,24,64.7,24,9999.9,0,991.2,24,9.9,24,1.8,24,6.0,999.9,87.8*,68.0*,0.00I,999.9,000000
999999,93804,20180609,76.6,24,64.6,24,9999.9,0,990.9,24,9.9,24,0.9,24,5.1,999.9,89.6*,64.4*,0.00I,999.9,000000
999999,93804,20180610,77.8,24,65.2,24,9999.9,0,986.9,24,10.0,24,1.1,24,5.1,999.9,89.6*,64.4*,0.00I,999.9,000000
999999,93804,20180611,76.0,24,64.7,24,9999.9,0,984.1,24,10.0,24,3.5,24,11.1,20.0,86.0*,68.0*,99.99,999.9,010000
999999,93804,20180612,69.0,22,63.9,22,9999.9,0,989.7,22,7.9,22,5.4,22,14.0,17.1,80.6*,62.6*,99.99,999.9,010010
999999,93804,20180613,73.0,24,64.2,24,9999.9,0,989.7,24,10.0,24,3.1,24,8.0,14.0,82.4*,66.2*,0.00I,999.9,000000
999999,93804,20180614,78.9,24,68.2,24,9999.9,0,987.0,24,9.9,24,1.6,24,5.1,999.9,89.6*,69.8*,0.00I,999.9,000000
999999,93804,20180615,79.3,24,65.7,24,9999.9,0,986.6,24,9.5,24,2.2,24,7.0,999.9,89.6*,68.0*,0.00I,999.9,000000
999999,93804,20180616,78.0,24,67.4,24,9999.9,0,987.9,24,10.0,24,1.6,24,7.0,999.9,89.6*,68.0*,0.00I,999.9,000000
999999,93804,20180617,79.5,24,67.8,24,9999.9,0,990.4,24,9.6,24,1.8,24,7.0,999.9,89.6*,69.8*,0.00I,999.9,000000
999999,93804,20180618,79.9,24,66.6,24,9999.9,0,990.6,24,9.9,24,1.9,24,6.0,999.9,95.0*,68.0*,0.00I,999.9,000000
999999,93804,20180619,81.7,24,68.2,24,9999.9,0,987.2,24,9.9,24,2.2,24,14.0,22.0,93.2*,71.6*,99.99,999.9,010000
999999,93804,20180620,82.7,24,67.5,24,9999.9,0,984.2,24,10.0,24,2.0,24,7.0,15.0,91.4*,71.6*,0.00I,999.9,000000
999999,93804,20180621,81.7,24,66.8,24,9999.9,0,982.1,24,9.9,24,3.2,24,15.0,22.9,89.6*,73.4*,99.99,999.9,010000
999999,93804,20180622,76.5,22,67.0,22,9999.9,0,980.9,22,9.5,22,5.2,22,13.0,21.0,87.8*,69.8*,0.00I,999.9,000000
999999,93804,20180623,75.9,24,66.4,24,9999.9,0,982.7,24,10.0,24,5.0,24,13.0,22.0,87.8*,68.0*,99.99,999.9,010000
999999,93804,20180624,78.3,24,66.1,24,9999.9,0,985.4,24,10.0,24,5.5,24,12.0,17.1,93.2*,69.8*,99.99,999.9,010010
999999,93804,20180625,77.9,24,65.7,24,9999.9,0,988.7,24,9.8,24,2.8,24,26.0,34.0,91.4*,66.2*,99.99,999.9,010010
999999,93804,20180626,72.3,24,66.4,24,9999.9,0,990.8,24,9.4,24,2.7,24,15.9,39.0,87.8*,68.0*,99.99,999.9,010010
999999,93804,20180627,72.9,23,68.3,23,9999.9,0,989.3,23,8.9,23,2.1,23,14.0,21.0,86.0*,68.0*,99.99,999.9,110010
999999,93804,20180628,74.5,23,68.5,23,9999.9,0,986.0,23,9.3,23,4.8,23,8.0,999.9,80.6*,69.8*,0.00I,999.9,000000
999999,93804,20180629,78.4,24,69.1,24,9999.9,0,987.1,24,9.0,24,3.1,24,7.0,999.9,89.6*,69.8*,0.00I,999.9,000000
999999,93804,20180630,78.8,21,70.1,21,9999.9,0,989.3,21,9.3,21,1.1,21,5.1,999.9,89.6*,71.6*,0.00I,999.9,000000
999999,93804,20180701,78.9,20,70.4,20,9999.9,0,989.7,20,9.1,20,1.0,20,7.0,999.9,89.6*,71.6*,99.99,999.9,010010
999999,93804,20180702,76.8,24,71.3,24,9999.9,0,990.0,24,9.2,24,0.7,24,4.1,999.9,87.8*,69.8*,99.99,999.9,010010
999999,93804,20180703,81.8,24,70.8,24,9999.9,0,991.2,24,9.4,24,1.7,24,8.0,999.9,93.2*,71.6*,0.00I,999.9,000000
999999,93804,20180704,81.3,24,71.4,24,9999.9,0,993.3,24,9.8,24,2.5,24,8.9,15.9,89.6*,73.4*,99.99,999.9,010000
999999,93804,20180705,79.9,24,70.7,24,9999.9,0,995.3,24,9.5,24,1.6,24,7.0,999.9,89.6*,73.4*,99.99,999.9,010010
999999,93804,20180706,78.4,24,69.9,24,9999.9,0,993.1,24,9.9,24,2.2,24,14.0,22.0,89.6*,69.8*,0.00I,999.9,000000
999999,93804,20180707,72.2,24,67.5,24,9999.9,0,992.0,24,9.4,24,5.4,24,12.0,15.9,75.2*,69.8*,99.99,999.9,010000
999999,93804,20180708,72.1,24,56.7,24,9999.9,0,995.6,24,10.0,24,7.0,24,12.0,17.1,82.4*,62.6*,0.00I,999.9,000000
999999,93804,20180709,73.1,24,56.5,24,9999.9,0,995.4,24,10.0,24,2.3,24,6.0,999.9,87.8*,60.8*,0.00I,999.9,000000
999999,93804,20180710,78.1,24,62.6,24,9999.9,0,990.8,24,10.0,24,1.7,24,6.0,999.9,89.6*,68.0*,0.00I,999.9,000000
999999,93804,20180711,80.5,24,65.3,24,9999.9,0,987.4,24,10.0,24,0.8,24,5.1,999.9,91.4*,68.0*,0.00I,999.9,000000
999999,93804,20180712,81.5,24,68.8,24,9999.9,0,988.5,24,10.0,24,3.0,24,9.9,999.9,91.4*,73.4*,0.00I,999.9,000000
999999,93804,20180713,77.5,24,70.3,24,9999.9,0,991.6,24,9.7,24,4.0,24,8.0,999.9,86.0*,71.6*,99.99,999.9,010010
999999,93804,20180714,77.1,24,69.0,24,9999.9,0,992.1,24,9.8,24,0.6,24,4.1,999.9,86.0*,71.6*,0.00I,999.9,000000
999999,93804,20180715,78.1,24,68.5,24,9999.9,0,990.0,24,9.6,24,1.8,24,7.0,999.9,87.8*,69.8*,0.00I,999.9,000000
999999,93804,20180716,76.3,24,70.2,24,9999.9,0,988.3,24,9.1,24,1.6,24,6.0,999.9,87.8*,71.6*,99.99,999.9,010010
999999,93804,20180717,75.5,24,70.7,24,9999.9,0,986.7,24,7.2,24,2.5,24,15.9,22.0,87.8*,71.6*,99.99,999.9,110010
999999,93804,20180718,77.1,24,68.2,24,9999.9,0,985.5,24,9.5,24,2.6,24,7.0,999.9,87.8*,69.8*,99.99,999.9,010000
999999,93804,20180719,75.7,24,66.7,24,9999.9,0,987.2,24,10.0,24,5.0,24,9.9,999.9,82.4*,69.8*,99.99,999.9,010000
999999,93804,20180720,75.6,24,65.7,24,9999.9,0,987.9,24,9.8,24,3.4,24,7.0,14.0,86.0*,69.8*,99.99,999.9,010000
999999,93804,20180721,74.8,24,65.1,24,9999.9,0,983.7,24,10.0,24,2.4,24,24.1,28.9,86.0*,68.0*,99.99,999.9,010000
999999,93804,20180722,73.1,24,65.4,24,9999.9,0,979.1,24,9.8,24,1.8,24,8.0,15.9,82.4*,66.2*,99.99,999.9,010010
999999,93804,20180723,70.8,24,66.3,24,9999.9,0,981.2,24,9.9,24,3.4,24,8.0,22.0,78.8*,66.2*,99.99,999.9,010010
999999,93804,20180724,73.4,24,68.3,24,9999.9,0,985.1,24,9.6,24,3.9,24,8.0,999.9,84.2*,68.0*,99.99,999.9,010000
999999,93804,20180725,73.8,24,68.8,24,9999.9,0,985.2,24,8.9,24,1.2,24,8.0,999.9,84.2*,68.0*,99.99,999.9,010010
999999,93804,20180726,76.0,24,66.9,24,9999.9,0,986.3,24,8.0,24,0.4,24,4.1,999.9,87.8*,68.0*,0.00I,999.9,000000
999999,93804,20180727,77.5,24,64.0,24,9999.9,0,987.0,24,9.4,24,1.3,24,5.1,999.9,89.6*,66.2*,0.00I,999.9,000000
999999,93804,20180728,78.1,24,64.8,24,9999.9,0,988.1,24,9.4,24,2.6,24,8.0,999.9,87.8*,68.0*,0.00I,999.9,000000
999999,93804,20180729,78.7,24,64.1,24,9999.9,0,988.8,24,10.0,24,4.7,24,8.0,999.9,87.8*,69.8*,0.00I,999.9,000000
999999,93804,20180730,75.9,23,68.4,23,9999.9,0,988.6,23,9.1,23,1.0,23,5.1,999.9,86.0*,69.8*,0.00I,999.9,000000
999999,93804,20180731,76.5,21,69.6,21,9999.9,0,988.0,21,9.0,21,0.6,21,12.0,15.0,86.0*,69.8*,99.99,999.9,010000
999999,93804,20180801,72.2,20,68.9,20,9999.9,0,989.4,20,7.9,20,1.1,20,8.0,999.9,80.6*,68.0*,99.99,999.9,110000
999999,93804,20180802,73.1,24,69.7,24,9999.9,0,989.9,24,7.9,24,1.9,24,11.1,17.1,80.6*,69.8*,99.99,999.9,010000
999999,93804,20180803,71.8,24,68.5,24,9999.9,0,991.0,24,8.7,24,1.6,24,6.0,999.9,80.6*,68.0*,99.99,999.9,010000
999999,93804,20180804,75.8,24,70.2,24,9999.9,0,992.9,24,6.6,24,0.5,24,4.1,999.9,86.0*,71.6*,99.99,999.9,110010
999999,93804,20180805,78.5,24,70.3,24,9999.9,0,993.9,24,9.3,24,1.1,24,7.0,999.9,89.6*,71.6*,0.00I,999.9,000000
999999,93804,20180806,79.8,24,70.8,24,9999.9,0,992.4,24,9.3,24,0.8,24,6.0,999.9,91.4*,71.6*,99.99,999.9,010010
999999,93804,20180807,78.2,24,69.2,24,9999.9,0,990.1,24,9.6,24,1.2,24,7.0,999.9,91.4*,69.8*,0.00I,999.9,000000
999999,93804,20180808,77.0,24,68.5,24,9999.9,0,988.4,24,9.0,24,2.8,24,22.9,31.1,91.4*,69.8*,99.99,999.9,010010
999999,93804,20180809,74.7,24,68.6,24,9999.9,0,987.8,24,9.3,24,1.7,24,8.9,999.9,87.8*,68.0*,99.99,999.9,010010
999999,93804,20180810,76.6,22,68.2,22,9999.9,0,986.2,22,9.4,22,2.4,22,14.0,20.0,87.8*,68.0*,99.99,999.9,010010
999999,93804,20180811,74.5,24,69.2,24,9999.9,0,985.4,24,7.7,24,1.4,24,8.0,15.0,86.0*,69.8*,99.99,999.9,110000
999999,93804,20180812,77.9,24,69.7,24,9999.9,0,986.8,24,9.5,24,0.8,24,7.0,999.9,87.8*,69.8*,0.00I,999.9,000000
999999,93804,20180813,76.4,24,67.0,24,9999.9,0,987.9,24,9.4,24,3.0,24,8.9,999.9,86.0*,69.8*,0.00I,999.9,000000
999999,93804,20180814,76.2,24,63.7,24,9999.9,0,987.6,24,9.1,24,2.1,24,7.0,999.9,86.0*,64.4*,99.99,999.9,010000
999999,93804,20180815,77.2,24,65.2,24,9999.9,0,989.1,24,9.5,24,1.3,24,6.0,999.9,86.0*,68.0*,0.00I,999.9,000000
999999,93804,20180816,78.8,24,67.3,24,9999.9,0,991.3,24,9.4,24,1.4,24,6.0,14.0,89.6*,69.8*,0.00I,999.9,000000
999999,93804,20180817,78.5,24,69.3,24,9999.9,0,991.7,24,8.7,24,3.4,24,9.9,14.0,86.0*,71.6*,0.00I,999.9,000000
999999,93804,20180818,77.5,24,69.8,24,9999.9,0,988.4,24,9.5,24,5.7,24,12.0,25.1,86.0*,71.6*,99.99,999.9,010000
999999,93804,20180819,75.1,24,70.3,24,9999.9,0,985.8,24,8.7,24,4.2,24,13.0,19.0,84.2*,71.6*,99.99,999.9,010010
999999,93804,20180820,75.1,24,70.8,24,9999.9,0,987.4,24,7.8,24,1.5,24,6.0,999.9,82.4*,71.6*,99.99,999.9,010000
999999,93804,20180821,75.6,24,70.5,24,9999.9,0,987.5,24,9.3,24,3.6,24,12.0,15.9,84.2*,71.6*,99.99,999.9,010010
999999,93804,20180822,75.3,24,67.8,24,9999.9,0,985.8,24,7.6,24,2.4,24,8.9,999.9,86.0*,69.8*,0.00I,999.9,100000
999999,93804,20180823,73.0,24,56.7,24,9999.9,0,988.7,24,9.3,24,4.0,24,8.0,999.9,80.6*,64.4*,0.00I,999.9,000000
999999,93804,20180824,68.3,24,54.0,24,9999.9,0,992.7,24,9.5,24,3.1,24,8.0,999.9,78.8*,59.0*,0.00I,999.9,000000
999999,93804,20180825,69.9,24,57.5,24,9999.9,0,994.3,24,9.4,24,1.9,24,6.0,999.9,82.4*,60.8*,0.00I,999.9,000000
999999,93804,20180826,73.9,24,63.0,24,9999.9,0,994.5,24,9.4,24,0.4,24,4.1,999.9,87.8*,62.6*,0.00I,999.9,000000
999999,93804,20180827,77.2,24,66.4,24,9999.9,0,993.0,24,8.9,24,1.2,24,5.1,999.9,89.6*,68.0*,0.00I,999.9,000000
999999,93804,20180828,78.7,24,66.4,24,9999.9,0,992.3,24,9.5,24,0.7,24,6.0,999.9,89.6*,68.0*,0.00I,999.9,000000
999999,93804,20180829,77.7,22,68.9,22,9999.9,0,991.6,22,9.9,22,1.0,22,6.0,999.9,89.6*,69.8*,0.00I,999.9,000000
999999,93804,20180830,78.7,23,68.6,23,9999.9,0,990.9,23,10.0,23,1.0,23,8.0,999.9,91.4*,69.8*,0.00I,999.9,000000
999999,93804,20180831,77.6,22,68.1,22,9999.9,0,991.4,22,10.0,22,1.4,22,5.1,999.9,89.6*,69.8*,0.00I,999.9,000000
999999,93804,20180901,79.8,22,67.8,22,9999.9,0,993.0,22,10.0,22,0.8,22,6.0,999.9,91.4*,69.8*,0.00I,999.9,000000
999999,93804,20180902,78.0,24,68.8,24,9999.9,0,994.3,24,9.9,24,1.3,24,5.1,21.0,89.6*,71.6*,99.99,999.9,010010
999999,93804,20180903,77.8,24,68.2,24,9999.9,0,995.5,24,10.0,24,2.4,24,7.0,999.9,89.6*,69.8*,0.00I,999.9,000000
999999,93804,20180904,78.4,24,69.4,24,9999.9,0,995.2,24,10.0,24,0.7,24,7.0,999.9,89.6*,71.6*,99.99,999.9,010000
999999,93804,20180905,78.3,24,70.3,24,9999.9,0,993.9,24,10.0,24,1.4,24,6.0,999.9,87.8*,71.6*,0.00I,999.9,000000
999999,93804,20180906,79.7,24,68.5,24,9999.9,0,993.2,24,9.5,24,0.9,24,6.0,999.9,89.6*,69.8*,0.00I,999.9,000000
999999,93804,20180907,75.5,13,69.5,13,9999.9,0,991.5,13,10.0,13,1.1,13,5.1,999.9,82.4*,69.8*,0.00I,999.9,000000
999999,93804,20180911,73.1,24,68.8,24,9999.9,0,988.8,24,9.5,24,0.4,24,4.1,999.9,86.0*,69.8*,99.99,999.9,010000
999999,93804,20180912,76.3,24,70.7,24,9999.9,0,990.3,24,8.7,24,2.3,24,7.0,999.9,86.0*,69.8*,0.00I,999.9,000000
999999,93804,20180913,78.7,24,68.7,24,9999.9,0,990.1,24,9.6,24,6.1,24,13.0,17.1,87.8*,73.4*,0.00I,999.9,000000
999999,93804,20180914,79.1,24,66.3,24,9999.9,0,986.2,24,9.5,24,8.9,24,19.0,28.9,87.8*,73.4*,0.00I,999.9,000000
999999,93804,20180915,76.2,24,66.6,24,9999.9,0,982.7,24,8.6,24,15.6,24,24.1,33.0,80.6*,71.6*,99.99,999.9,010000
999999,93804,20180916,70.0,18,68.2,18,9999.9,0,980.1,18,6.9,18,14.2,18,24.1,31.1,71.6*,69.8*,99.99,999.9,010000
999999,93804,20180918,81.7,11,65.1,11,9999.9,0,984.9,11,9.2,11,2.5,11,7.0,999.9,86.0*,77.0*,0.00I,999.9,000000
999999,93804,20180919,75.4,23,65.3,23,9999.9,0,986.3,23,9.3,23,1.6,23,6.0,999.9,87.8*,64.4*,0.00I,999.9,000000
999999,93804,20180920,77.4,23,67.1,23,9999.9,0,990.5,23,9.5,23,0.6,23,5.1,999.9,87.8*,69.8*,0.00I,999.9,000000
999999,93804,20180921,74.9,24,66.6,24,9999.9,0,992.8,24,9.4,24,0.8,24,6.0,999.9,86.0*,68.0*,0.00I,999.9,000000
999999,93804,20180922,74.6,24,66.2,24,9999.9,0,990.8,24,9.8,24,1.5,24,6.0,999.9,87.8*,66.2*,0.00I,999.9,000000
999999,93804,20180923,74.1,24,65.2,24,9999.9,0,989.6,24,9.6,24,1.1,24,5.1,999.9,86.0*,64.4*,0.00I,999.9,000000
999999,93804,20180924,70.3,24,66.0,24,9999.9,0,992.5,24,8.8,24,4.1,24,8.9,999.9,73.4*,68.0*,0.00I,999.9,000000
999999,93804,20180925,69.9,24,65.7,24,9999.9,0,993.9,24,8.4,24,3.4,24,8.9,999.9,77.0*,68.0*,99.99,999.9,010000
999999,93804,20180926,73.8,24,66.9,24,9999.9,0,990.1,24,9.1,24,2.9,24,11.1,15.9,86.0*,66.2*,99.99,999.9,010000
999999,93804,20180927,73.7,24,69.1,24,9999.9,0,987.8,24,8.6,24,1.9,24,9.9,15.9,82.4*,68.0*,99.99,999.9,010000
999999,93804,20180928,72.5,24,67.8,24,9999.9,0,988.5,24,9.8,24,3.1,24,7.0,22.0,80.6*,68.0*,99.99,999.9,010010
999999,93804,20180929,72.7,24,67.7,24,9999.9,0,992.5,24,8.3,24,1.5,24,6.0,999.9,82.4*,68.0*,0.00I,999.9,100000
999999,93804,20180930,71.9,20,68.2,20,9999.9,0,995.1,20,9.1,20,1.6,20,5.1,999.9,78.8*,68.0*,99.99,999.9,010000
999999,93804,20181001,71.3,21,62.6,21,9999.9,0,997.2,21,9.7,21,0.8,21,4.1,999.9,80.6*,62.6*,0.00I,999.9,000000
999999,93804,20181002,70.4,24,61.8,24,9999.9,0,995.1,24,9.9,24,0.9,24,5.1,999.9,82.4*,62.6*,0.00I,999.9,000000
999999,93804,20181003,72.0,24,62.9,24,9999.9,0,991.8,24,10.0,24,1.4,24,7.0,999.9,86.0*,62.6*,0.00I,999.9,000000
999999,93804,20181004,75.6,24,64.9,24,9999.9,0,990.3,24,9.8,24,1.2,24,6.0,999.9,87.8*,64.4*,0.00I,999.9,000000
999999,93804,20181005,76.2,24,65.8,24,9999.9,0,989.4,24,9.9,24,0.9,24,5.1,999.9,89.6*,66.2*,0.00I,999.9,000000
999999,93804,20181006,76.8,24,68.6,24,9999.9,0,990.9,24,9.9,24,2.0,24,7.0,999.9,87.8*,69.8*,0.00I,999.9,000000
999999,93804,20181007,76.2,24,69.2,24,9999.9,0,993.3,24,8.2,24,1.1,24,7.0,999.9,87.8*,69.8*,0.00I,999.9,000000
999999,93804,20181008,74.8,24,68.9,24,9999.9,0,994.2,24,9.0,24,2.0,24,13.0,29.9,86.0*,69.8*,99.99,999.9,010010
999999,93804,20181009,71.5,24,66.8,24,9999.9,0,993.5,24,9.9,24,3.9,24,8.9,14.0,78.8*,68.0*,99.99,999.9,010010
999999,93804,20181010,72.9,24,69.3,24,9999.9,0,986.5,24,8.5,24,4.2,24,8.0,999.9,80.6*,68.0*,99.99,999.9,010000
999999,93804,20181011,74.0,24,69.1,24,9999.9,0,973.6,24,7.9,24,9.9,24,21.0,33.0,80.6*,69.8*,99.99,999.9,010000
999999,93804,20181012,62.5,24,45.4,24,9999.9,0,981.4,24,10.0,24,4.4,24,12.0,19.0,71.6*,50.0*,0.00I,999.9,000000
999999,93804,20181013,60.5,22,47.6,22,9999.9,0,984.1,22,10.0,22,2.3,22,11.1,14.0,69.8*,51.8*,0.00I,999.9,000000
999999,93804,20181014,58.3,24,49.9,24,9999.9,0,991.1,24,10.0,24,3.7,24,9.9,999.9,66.2*,53.6*,99.99,999.9,010000
999999,93804,20181015,63.4,23,57.1,23,9999.9,0,992.7,23,10.0,23,2.8,23,9.9,14.0,78.8*,55.4*,0.00I,999.9,000000
999999,93804,20181016,69.7,23,63.5,23,9999.9,0,990.5,23,9.3,23,2.0,23,12.0,14.0,80.6*,62.6*,99.99,999.9,010000
999999,93804,20181017,67.8,24,57.9,24,9999.9,0,991.6,24,9.3,24,2.4,24,8.9,999.9,73.4*,64.4*,99.99,999.9,010000
999999,93804,20181018,58.0,24,41.5,24,9999.9,0,997.4,24,10.0,24,3.7,24,9.9,15.0,66.2*,48.2*,0.00I,999.9,000000
999999,93804,20181019,53.8,24,44.4,24,9999.9,0,997.7,24,10.0,24,1.2,24,6.0,999.9,68.0*,44.6*,0.00I,999.9,000000
999999,93804,20181020,62.7,24,55.8,24,9999.9,0,986.2,24,9.9,24,4.7,24,8.0,999.9,71.6*,55.4*,99.99,999.9,010000
999999,93804,20181021,58.1,10,36.9,10,9999.9,0,984.7,9,9.4,9,7.9,9,15.0,22.9,64.4*,51.8*,0.00I,999.9,000000
999999,93804,20181024,61.9,5,41.4,5,9999.9,0,992.4,5,10.0,5,1.4,5,4.1,999.9,66.2*,51.8*,0.00I,999.9,000000
999999,93804,20181025,47.8,24,39.3,24,9999.9,0,993.5,24,9.9,24,2.0,24,5.1,999.9,53.6*,41.0*,0.00I,999.9,000000
999999,93804,20181026,45.9,24,43.5,24,9999.9,0,984.3,24,7.3,24,6.3,24,15.9,20.0,50.0*,42.8*,99.99,999.9,010000
999999,93804,20181027,51.4,24,45.5,24,9999.9,0,978.0,24,8.0,24,4.8,24,13.0,18.1,62.6*,46.4*,0.00I,999.9,100000
999999,93804,20181028,51.1,24,41.2,24,9999.9,0,986.1,24,10.0,24,4.6,24,9.9,15.9,66.2*,41.0*,0.00I,999.9,000000
999999,93804,20181029,54.5,12,47.8,12,9999.9,0,984.6,11,10.0,11,4.1,11,8.0,999.9,60.8*,44.6*,0.00I,999.9,000000
999999,93804,20181030,58.1,10,38.7,10,9999.9,0,994.2,10,9.7,10,1.0,10,4.1,999.9,64.4*,41.0*,0.00I,999.9,000000
999999,93804,20181031,53.2,23,45.1,23,9999.9,0,992.7,23,10.0,23,2.0,23,12.0,15.9,73.4*,42.8*,0.00I,999.9,000000
999999,93804,20181101,60.6,17,54.7,17,9999.9,0,985.9,17,7.4,17,2.7,17,8.9,18.1,73.4*,53.6*,0.00I,999.9,100000
999999,93804,20181102,61.7,19,59.9,19,9999.9,0,979.5,19,8.9,19,3.4,19,11.1,15.9,62.6*,60.8*,99.99,999.9,010000
999999,93804,20181103,49.2,22,37.4,22,9999.9,0,989.1,22,10.0,22,3.0,22,9.9,999.9,60.8*,37.4*,0.00I,999.9,000000
999999,93804,20181104,48.3,24,39.5,24,9999.9,0,998.1,24,10.0,24,3.5,24,8.0,999.9,62.6*,39.2*,0.00I,999.9,000000
999999,93804,20181105,55.0,24,50.8,24,9999.9,0,991.7,24,8.9,24,4.3,24,8.9,999.9,59.0*,51.8*,99.99,999.9,110000
999999,93804,20181106,61.6,24,57.8,24,9999.9,0,986.3,24,4.9,24,2.7,24,15.9,21.0,68.0*,57.2*,99.99,999.9,110000
999999,93804,20181107,57.6,24,48.6,24,9999.9,0,989.0,24,10.0,24,1.3,24,6.0,999.9,71.6*,44.6*,0.00I,999.9,000000
999999,93804,20181108,58.0,24,48.9,24,9999.9,0,990.2,24,10.0,24,3.4,24,9.9,15.0,62.6*,53.6*,99.99,999.9,010000
999999,93804,20181109,50.1,24,47.2,24,9999.9,0,990.6,24,8.7,24,5.9,24,9.9,14.0,57.2*,46.4*,99.99,999.9,010000
999999,93804,20181110,47.1,24,34.2,24,9999.9,0,990.3,24,9.9,24,5.0,24,14.0,22.0,51.8*,41.0*,99.99,999.9,010000
999999,93804,20181111,39.4,24,25.0,24,9999.9,0,998.1,24,10.0,24,4.1,24,8.9,999.9,50.0*,32.0*,99.99,999.9,010000
999999,93804,20181112,39.7,24,33.4,24,9999.9,0,996.4,24,8.1,24,4.6,24,13.0,17.1,44.6*,37.4*,99.99,999.9,010000
999999,93804,20181113,44.7,24,42.9,24,9999.9,0,989.1,24,8.7,24,2.7,24,8.0,999.9,51.8*,39.2*,99.99,999.9,010000
999999,93804,20181114,46.4,24,41.8,24,9999.9,0,995.9,24,8.5,24,5.5,24,11.1,15.0,51.8*,41.0*,99.99,999.9,010000
999999,93804,20181115,38.5,24,35.1,24,9999.9,0,991.8,24,7.8,24,9.3,24,17.1,26.0,41.0*,33.8*,99.99,999.9,011000
999999,93804,20181116,40.6,24,32.6,24,9999.9,0,987.6,24,10.0,24,4.7,24,15.0,20.0,53.6*,32.0*,0.00I,999.9,000000
999999,93804,20181117,44.1,24,34.9,24,9999.9,0,992.8,24,9.8,24,1.3,24,5.1,999.9,59.0*,32.0*,0.00I,999.9,000000
999999,93804,20181118,44.8,24,38.6,24,9999.9,0,995.3,24,10.0,24,0.0,24,2.9,999.9,60.8*,35.6*,0.00I,999.9,000000
999999,93804,20181119,49.2,24,42.4,24,9999.9,0,991.7,24,9.2,24,1.8,24,9.9,14.0,64.4*,41.0*,0.00I,999.9,000000
999999,93804,20181120,53.2,24,41.4,24,9999.9,0,987.8,24,10.0,24,5.3,24,14.0,18.1,59.0*,46.4*,0.00I,999.9,000000
999999,93804,20181121,43.9,24,32.0,24,9999.9,0,993.6,24,10.0,24,3.4,24,8.0,14.0,59.0*,32.0*,0.00I,999.9,000000
999999,93804,20181122,43.5,24,32.2,24,9999.9,0,996.6,24,10.0,24,1.8,24,5.1,999.9,59.0*,32.0*,0.00I,999.9,000000
999999,93804,20181123,39.3,24,31.5,24,9999.9,0,999.2,24,10.0,24,5.3,24,12.0,17.1,42.8*,33.8*,0.00I,999.9,000000
999999,93804,20181124,37.0,24,34.2,24,9999.9,0,986.6,24,7.3,24,4.4,24,13.0,15.9,46.4*,32.0*,99.99,999.9,011000
999999,93804,20181125,44.7,24,41.5,24,9999.9,0,985.1,24,4.9,24,0.2,24,5.1,999.9,55.4*,41.0*,0.00I,999.9,100000
999999,93804,20181126,47.9,24,41.6,24,9999.9,0,979.8,24,6.6,24,3.9,24,15.9,22.9,57.2*,42.8*,99.99,999.9,110000
999999,93804,20181127,38.0,24,26.8,24,9999.9,0,981.1,24,10.0,24,4.5,24,9.9,14.0,46.4*,30.2*,0.00I,999.9,000000
999999,93804,20181128,34.4,24,16.1,24,9999.9,0,985.3,24,10.0,24,6.9,24,14.0,22.0,42.8*,26.6*,0.00I,999.9,000000
999999,93804,20181129,38.1,24,24.7,24,9999.9,0,989.6,24,10.0,24,1.0,24,6.0,999.9,53.6*,28.4*,0.00I,999.9,000000
999999,93804,20181130,49.2,17,38.0,17,9999.9,0,989.9,17,9.7,17,3.2,17,7.0,999.9,51.8*,46.4*,99.99,999.9,010000
999999,93804,20181201,50.1,24,47.5,24,9999.9,0,987.3,24,7.6,24,1.3,24,6.0,999.9,53.6*,48.2*,99.99,999.9,010000
999999,93804,20181202,55.0,24,52.9,24,9999.9,0,979.4,24,4.6,24,3.1,24,11.1,15.0,68.0*,51.8*,99.99,999.9,010010
999999,93804,20181203,55.0,24,39.9,24,9999.9,0,981.1,24,9.9,24,5.4,24,12.0,20.0,64.4*,44.6*,0.00I,999.9,000000
999999,93804,20181204,44.9,23,30.7,23,9999.9,0,986.7,23,10.0,23,3.6,23,11.1,17.1,55.4*,33.8*,0.00I,999.9,000000
999999,93804,20181205,41.0,24,25.6,24,9999.9,0,990.1,24,10.0,24,5.5,24,11.1,17.1,44.6*,35.6*,0.00I,999.9,000000
999999,93804,20181206,34.0,24,21.8,24,9999.9,0,997.9,24,10.0,24,2.7,24,9.9,999.9,42.8*,24.8*,0.00I,999.9,000000
999999,93804,20181207,37.0,24,27.2,24,9999.9,0,998.9,24,10.0,24,0.8,24,4.1,999.9,46.4*,30.2*,0.00I,999.9,000000
999999,93804,20181208,39.4,24,33.9,24,9999.9,0,1000.5,24,8.8,24,1.4,24,8.9,999.9,42.8*,33.8*,99.99,999.9,010000
999999,93804,20181209,32.2,24,31.4,24,9999.9,0,992.6,24,4.5,24,10.2,24,18.1,22.9,33.8*,32.0*,99.99,999.9,011000
999999,93804,20181210,35.5,24,33.0,24,9999.9,0,987.9,24,7.3,24,6.7,24,11.1,19.0,41.0*,33.8*,99.99,999.9,010000
999999,93804,20181211,38.1,24,29.3,24,9999.9,0,992.7,24,9.8,24,1.3,24,8.9,999.9,51.8*,28.4*,0.00I,999.9,000000
999999,93804,20181212,36.8,24,28.2,24,9999.9,0,992.4,24,10.0,24,1.4,24,5.1,999.9,46.4*,30.2*,0.00I,999.9,000000
999999,93804,20181213,37.7,24,31.7,24,9999.9,0,994.3,24,10.0,24,0.6,24,6.0,999.9,50.0*,32.0*,0.00I,999.9,000000
999999,93804,20181214,41.8,24,37.9,24,9999.9,0,993.1,24,6.4,24,8.6,24,14.0,18.1,44.6*,39.2*,99.99,999.9,010000
999999,93804,20181215,46.0,24,44.5,24,9999.9,0,985.5,24,8.2,24,4.9,24,12.0,17.1,51.8*,41.0*,99.99,999.9,010000
999999,93804,20181216,46.8,24,40.3,24,9999.9,0,985.9,24,9.5,24,4.8,24,9.9,14.0,59.0*,37.4*,0.00I,999.9,000000
999999,93804,20181217,51.9,24,32.2,24,9999.9,0,988.5,24,10.0,24,6.4,24,15.0,21.0,62.6*,41.0*,0.00I,999.9,000000
999999,93804,20181218,51.1,24,26.2,24,9999.9,0,989.1,24,10.0,24,4.5,24,14.0,20.0,59.0*,37.4*,0.00I,999.9,000000
999999,93804,20181219,41.7,24,32.9,24,9999.9,0,991.1,24,10.0,24,1.2,24,4.1,999.9,53.6*,35.6*,0.00I,999.9,000000
999999,93804,20181220,45.0,24,38.9,24,9999.9,0,981.9,24,8.6,24,5.7,24,12.0,14.0,50.0*,42.8*,99.99,999.9,010000
999999,93804,20181221,47.7,24,45.2,24,9999.9,0,963.9,24,6.7,24,4.5,24,14.0,21.0,53.6*,44.6*,99.99,999.9,110000
999999,93804,20181222,43.2,24,33.8,24,9999.9,0,981.3,24,10.0,24,6.2,24,11.1,15.9,51.8*,35.6*,0.00I,999.9,000000
999999,93804,20181223,38.5,24,33.6,24,9999.9,0,991.4,24,9.8,24,0.9,24,6.0,999.9,53.6*,28.4*,99.99,999.9,010000
999999,93804,20181224,44.8,24,32.2,24,9999.9,0,993.2,24,9.7,24,5.0,24,12.0,17.1,51.8*,37.4*,0.00I,999.9,000000
999999,93804,20181225,38.9,24,27.7,24,9999.9,0,996.5,24,10.0,24,1.5,24,6.0,999.9,51.8*,32.0*,0.00I,999.9,000000
999999,93804,20181226,39.9,24,31.4,24,9999.9,0,1000.3,24,9.8,24,2.4,24,7.0,999.9,53.6*,32.0*,0.00I,999.9,000000
999999,93804,20181227,41.1,24,31.8,24,9999.9,0,1001.1,24,10.0,24,5.0,24,12.0,18.1,44.6*,37.4*,99.99,999.9,010000
999999,93804,20181228,45.3,20,42.8,20,9999.9,0,990.6,20,5.2,20,5.8,20,15.0,21.0,53.6*,39.2*,99.99,999.9,110000
999999,93804,20181229,55.1,24,49.6,24,9999.9,0,990.9,24,6.3,24,2.4,24,6.0,999.9,64.4*,48.2*,0.00I,999.9,100000
999999,93804,20181230,50.6,24,48.0,24,9999.9,0,992.8,24,7.9,24,1.2,24,6.0,999.9,55.4*,46.4*,99.99,999.9,010000
999999,93804,20181231,52.8,23,51.6,23,9999.9,0,992.2,23,4.3,23,0.3,23,2.9,999.9,55.4*,51.8*,99.99,999.9,010000
