722678,23052,20120101,29.7,24,11.2,24,1030.5,23,814.6,24,10.0,24,5.6,24,14.0,22.9,43.0,16.0,0.01G,999.9,000000
722678,23052,20120102,30.1,24,17.5,24,1037.1,24,819.3,24,10.0,24,3.5,24,6.0,999.9,50.0,18.0,0.01G,999.9,000000
722678,23052,20120103,37.2,24,16.9,24,1026.0,24,811.9,24,10.0,24,5.5,24,8.9,999.9,66.9*,21.9*,0.00G,999.9,000000
722678,23052,20120104,42.5,24,16.5,24,1026.8,24,814.5,24,10.0,24,6.0,24,13.0,19.0,55.0,25.0,0.00G,999.9,000000
722678,23052,20120105,37.8,24,14.4,24,1024.7,24,811.4,24,10.0,24,5.9,24,8.9,999.9,64.0,23.0,0.00G,999.9,000000
722678,23052,20120106,41.4,24,17.9,24,1012.7,24,802.8,24,10.0,24,6.1,24,9.9,999.9,64.0,28.0,0.00G,999.9,000000
722678,23052,20120107,32.5,24,20.9,24,1016.0,24,804.3,24,10.0,24,6.2,24,9.9,999.9,45.0,21.9,0.00G,999.9,000000
722678,23052,20120108,32.9,24,20.8,24,1017.2,24,804.7,24,9.7,24,10.9,24,22.9,28.0,41.0,28.0,0.00G,999.9,001000
722678,23052,20120109,28.6,24,15.3,24,1024.1,19,809.0,24,8.5,24,5.0,24,12.0,22.9,51.1,12.0,0.01G,999.9,100000
722678,23052,20120110,39.9,24,20.8,24,1017.1,24,805.5,24,10.0,24,5.0,22,12.0,17.1,57.9,26.1,0.00I,999.9,000000
722678,23052,20120111,31.2,24,18.3,24,1010.6,22,799.8,24,10.0,24,10.4,24,25.1,29.9,48.0,23.0,0.00G,999.9,000000
722678,23052,20120112,20.6,24,4.9,24,1021.7,24,805.4,24,10.0,24,5.8,24,17.1,22.9,44.1,1.9,0.00G,999.9,000000
722678,23052,20120113,29.5,24,2.3,24,1020.3,24,805.5,24,10.0,24,5.4,24,13.0,999.9,55.9,9.0,0.01G,999.9,000000
722678,23052,20120114,33.1,24,2.4,24,1023.3,24,809.1,24,10.0,24,5.8,24,8.9,999.9,59.0,12.9,0.00G,999.9,000000
722678,23052,20120115,36.0,24,5.5,24,1016.0,24,804.1,24,10.0,24,7.9,24,20.0,27.0,64.0,19.0,0.00G,999.9,000000
722678,23052,20120116,43.8,24,20.8,24,1005.7,24,797.8,24,10.0,24,12.7,24,25.1,38.1,55.0,28.9,0.00G,999.9,000000
722678,23052,20120117,31.5,24,15.0,24,1014.5,23,803.3,24,10.0,24,11.1,24,22.0,33.0,45.0,18.0,0.00G,999.9,000000
722678,23052,20120118,33.3,24,9.7,24,1017.2,24,803.6,24,10.0,24,7.1,24,15.9,22.0,57.0,16.0,0.01G,999.9,000000
722678,23052,20120119,41.3,24,18.4,24,1009.6,23,800.4,24,10.0,24,4.9,24,13.0,31.1,57.9,27.0,0.00G,999.9,000000
722678,23052,20120120,53.4,24,18.0,24,1003.4,24,797.4,24,10.0,24,8.1,24,21.0,27.0,66.9,42.1,0.00G,999.9,000000
722678,23052,20120121,41.0,24,22.7,24,1009.8,23,800.8,24,10.0,24,7.5,24,24.1,33.0,64.0,24.1,0.00G,999.9,000000
722678,23052,20120122,45.1,24,16.0,24,996.4,23,790.7,24,10.0,24,17.1,24,28.0,40.0,55.0,32.0,0.00G,999.9,000000
722678,23052,20120123,33.6,24,12.2,24,1011.9,24,800.9,24,10.0,24,6.3,24,15.0,22.9,55.9,18.0,0.00G,999.9,000000
722678,23052,20120124,36.9,24,18.6,24,1010.5,24,800.1,24,10.0,24,7.6,24,19.0,27.0,50.0,23.0,0.00G,999.9,000000
722678,23052,20120125,34.1,24,18.7,24,1019.9,24,807.1,24,10.0,24,7.8,24,18.1,24.1,50.0,19.0,0.00G,999.9,000000
722678,23052,20120126,38.0,24,16.5,24,1017.9,24,805.8,24,10.0,24,8.7,24,22.0,29.9,57.0,21.9,0.00G,999.9,000000
722678,23052,20120127,38.3,24,19.9,24,1010.9,24,801.1,24,10.0,24,9.6,24,22.9,31.1,51.1,26.1,0.00G,999.9,000000
722678,23052,20120128,32.6,24,14.2,24,1025.2,22,811.1,24,10.0,24,5.8,24,12.0,999.9,50.0,19.0,0.00G,999.9,000000
722678,23052,20120129,34.1,24,9.8,24,1024.9,24,810.5,24,10.0,24,5.5,24,9.9,15.9,59.0,16.0,0.00G,999.9,000000
722678,23052,20120130,41.4,24,9.2,24,1015.7,23,804.6,24,10.0,24,6.0,23,15.0,22.0,66.9,24.1,0.01G,999.9,000000
722678,23052,20120131,40.9,24,5.7,24,1012.7,24,803.2,24,10.0,24,6.7,24,15.0,999.9,57.0,26.1,0.00G,999.9,000000
722678,23052,20120201,37.8,24,10.8,24,1019.5,24,807.4,24,10.0,24,4.6,24,8.0,999.9,57.0,19.9,0.00G,999.9,000000
722678,23052,20120202,35.5,24,11.4,24,1015.0,22,803.6,24,9.5,24,6.3,24,14.0,19.0,48.0,24.1,0.00G,999.9,001000
722678,23052,20120203,32.3,24,20.6,24,1014.6,22,802.6,24,10.0,24,15.8,23,28.0,38.1,41.0,25.0,0.00G,999.9,000000
722678,23052,20120204,29.5,24,15.6,24,1025.9,23,810.7,24,10.0,24,15.1,24,25.1,32.1,39.9,24.1,0.00G,999.9,000000
722678,23052,20120205,24.5,24,11.4,24,1029.4,24,812.2,24,10.0,24,6.8,24,14.0,20.0,42.1,9.0,0.00G,999.9,000000
722678,23052,20120206,29.2,24,12.5,24,1021.4,24,806.6,24,10.0,24,5.0,23,13.0,15.0,53.1,16.0,0.01G,999.9,000000
722678,23052,20120207,31.4,24,16.3,24,1022.0,23,808.3,24,10.0,24,11.4,24,17.1,22.9,46.0,19.9,0.00A,999.9,000000
722678,23052,20120208,31.4,24,16.4,24,1024.4,21,809.7,24,9.8,24,3.8,24,8.9,999.9,53.1,21.0,0.00G,999.9,000000
722678,23052,20120209,40.4,24,21.1,24,1016.0,23,805.2,24,9.6,24,6.8,24,18.1,24.1,51.1,30.9,0.00G,999.9,001000
722678,23052,20120210,32.7,24,18.8,24,1020.8,24,807.6,24,10.0,24,5.9,24,13.0,999.9,53.1,16.0,0.03G,999.9,000000
722678,23052,20120211,24.7,24,17.9,24,1023.2,17,809.1,24,4.4,24,7.5,24,14.0,22.0,48.9,18.0,0.00G,999.9,101000
722678,23052,20120212,21.7,24,17.1,24,1021.6,19,805.2,24,8.3,24,6.6,24,12.0,999.9,33.1*,15.8*,0.02G,999.9,000000
722678,23052,20120213,31.7,24,19.2,24,1006.6,19,795.1,24,8.3,24,6.6,24,15.9,25.1,59.0,17.1,0.00G,999.9,100000
722678,23052,20120214,37.0,24,12.9,24,1006.5,24,797.0,24,10.0,24,7.8,24,20.0,31.1,55.9,18.0,0.01G,999.9,000000
722678,23052,20120215,38.5,24,20.9,24,1007.7,22,798.1,24,9.6,24,9.0,24,19.0,25.1,50.0,30.0,0.01G,999.9,001000
722678,23052,20120216,35.8,24,21.3,24,1019.0,22,806.8,24,10.0,24,7.6,24,15.0,18.1,52.0,24.1,0.00G,999.9,000000
722678,23052,20120217,36.9,24,18.3,24,1016.5,23,804.6,24,10.0,24,5.4,24,14.0,20.0,57.9,18.0,0.00G,999.9,000000
722678,23052,20120218,35.8,24,19.5,24,1015.4,23,804.2,24,10.0,24,10.6,24,24.1,33.0,51.1,24.1,0.00G,999.9,010000
722678,23052,20120219,33.7,24,15.0,24,1010.8,24,799.4,24,10.0,24,6.7,24,21.0,27.0,57.9,15.1,0.01G,999.9,000000
722678,23052,20120220,35.2,24,6.6,24,1004.7,24,795.5,24,10.0,24,16.0,24,26.0,35.9,48.0,25.0,0.00A,999.9,000000
722678,23052,20120221,35.6,24,1.5,24,1013.3,23,801.4,24,10.0,24,5.8,24,17.1,35.0,59.0,16.0,0.00G,999.9,000000
722678,23052,20120222,45.5,24,12.9,24,1006.9,24,798.8,24,10.0,24,5.2,24,15.9,22.0,70.0,27.0,0.00G,999.9,000000
722678,23052,20120223,43.3,24,18.4,24,998.8,22,793.4,24,9.4,24,17.3,24,39.0,51.1,57.9*,26.6*,0.00G,999.9,001000
722678,23052,20120224,26.1,24,9.5,24,1021.4,24,806.6,24,10.0,24,6.5,24,19.0,25.1,48.0,7.0,0.02G,999.9,000000
722678,23052,20120225,35.8,24,8.7,24,1017.4,24,804.6,24,10.0,24,8.0,24,18.1,29.9,9999.9,15.1*,0.00I,999.9,000000
722678,23052,20120226,47.8,24,3.7,24,1007.1,24,799.5,24,10.0,24,8.4,24,18.1,28.0,63.0,33.1,0.00G,999.9,000000
722678,23052,20120227,35.6,24,5.2,24,1019.6,24,808.0,24,10.0,24,10.8,24,20.0,28.0,59.0,21.0,0.00G,999.9,000000
722678,23052,20120228,39.7,24,23.9,24,1008.7,14,798.9,24,7.6,24,18.1,24,38.1,55.0,50.0,30.0,0.02G,999.9,110000
722678,23052,20120229,42.3,24,6.5,24,1009.9,23,800.6,24,10.0,24,18.9,24,39.0,53.0,62.1,21.9,0.00G,999.9,000000
722678,23052,20120301,46.5,24,7.8,24,1004.1,24,797.2,24,10.0,24,14.4,24,25.1,38.1,55.9,36.0,0.00G,999.9,000000
722678,23052,20120302,30.4,24,14.6,24,1005.8,18,797.3,24,7.7,24,9.1,24,22.9,32.1,46.0,18.0,0.00G,999.9,001000
722678,23052,20120303,23.7,24,12.3,24,1020.6,21,804.7,24,9.4,24,5.2,24,11.1,15.9,48.0,1.0,0.13G,999.9,001000
722678,23052,20120304,39.0,24,15.7,24,1019.6,24,806.6,24,10.0,24,5.0,23,8.9,999.9,66.0,19.0,0.00G,999.9,000000
722678,23052,20120305,44.7,24,15.0,24,1018.4,24,808.0,24,10.0,24,7.2,24,17.1,24.1,72.0,21.9,0.00G,999.9,000000
722678,23052,20120306,51.1,24,6.7,24,1007.3,24,800.4,24,10.0,24,8.6,24,28.0,36.9,71.1,34.0,0.00G,999.9,000000
722678,23052,20120307,47.4,24,5.5,24,1001.0,23,795.3,24,10.0,24,9.2,24,25.1,58.1,66.9,28.0,0.00G,999.9,000000
722678,23052,20120308,36.1,24,17.9,24,1020.1,22,808.4,24,10.0,24,17.1,24,22.0,31.1,44.1*,30.2*,0.00G,999.9,000000
722678,23052,20120309,33.8,24,11.4,24,1032.0,24,816.1,24,10.0,24,4.5,24,11.1,999.9,52.0,19.9,0.00G,999.9,000000
722678,23052,20120310,34.3,24,25.6,24,1024.2,4,809.1,24,5.4,24,4.7,24,13.0,17.1,43.0*,28.4*,0.27G,999.9,101000
722678,23052,20120311,36.3,24,30.1,24,1007.2,13,798.8,24,5.5,24,3.6,24,9.9,999.9,55.0,30.0,0.45G,999.9,101000
722678,23052,20120312,51.0,24,19.7,24,1010.0,24,802.0,24,10.0,24,4.9,24,13.0,22.0,66.9,37.9,0.03G,999.9,000000
722678,23052,20120313,50.0,24,20.4,24,1013.2,24,805.1,24,10.0,24,8.4,24,22.0,31.1,72.0,30.0,0.00G,999.9,000000
722678,23052,20120314,51.1,24,14.7,24,1012.7,24,804.8,24,10.0,24,7.0,24,17.1,22.0,73.9,28.0,0.00G,999.9,000000
722678,23052,20120315,51.2,24,10.0,24,1015.2,24,807.0,24,10.0,24,6.5,24,11.1,15.9,75.0,28.0,0.00G,999.9,000000
722678,23052,20120316,53.1,24,12.1,24,1011.8,24,804.6,24,10.0,24,6.9,24,19.0,25.1,75.9,28.0,0.00G,999.9,000000
722678,23052,20120317,53.3,24,11.1,24,1006.3,24,800.4,24,10.0,24,9.8,24,28.0,39.0,75.9,30.0,0.00G,999.9,000000
722678,23052,20120318,51.6,24,16.3,24,1001.0,22,795.6,24,8.9,24,17.7,24,47.0,58.1,68.0,36.0,0.00G,999.9,000000
722678,23052,20120319,43.1,24,11.6,24,996.8,23,791.4,24,9.6,24,14.3,24,35.0,48.0,61.0,36.0,0.00G,999.9,000000
722678,23052,20120320,31.5,24,18.5,24,1004.3,15,795.7,24,6.1,24,16.9,24,27.0,38.1,45.0,21.0,0.02G,999.9,111000
722678,23052,20120321,40.8,24,17.7,24,1011.5,24,800.9,24,10.0,24,14.2,24,27.0,35.9,57.0,28.9,0.09G,999.9,000000
722678,23052,20120322,49.1,24,19.7,24,1008.1,24,800.7,24,10.0,24,14.8,24,24.1,35.9,63.0,37.0,0.00G,999.9,000000
722678,23052,20120323,50.3,24,26.2,24,1013.5,24,805.1,24,10.0,24,5.9,24,9.9,999.9,80.1,28.9,0.00G,999.9,000000
722678,23052,20120324,56.9,24,19.0,24,1013.1,24,806.2,24,10.0,24,6.6,24,14.0,20.0,81.0,33.1,0.00G,999.9,000000
722678,23052,20120325,58.9,24,18.2,24,1012.5,23,806.2,24,10.0,24,6.8,24,22.9,36.9,84.0,35.1,0.00G,999.9,000000
722678,23052,20120326,62.6,24,22.3,24,1008.0,23,803.3,24,10.0,24,13.3,24,31.1,49.0,78.1,48.9,0.00G,999.9,000000
722678,23052,20120327,59.9,24,11.9,24,1008.1,23,803.1,24,9.8,24,8.4,24,18.1,33.0,79.0,39.0,0.00G,999.9,000000
722678,23052,20120328,57.2,24,12.1,24,1010.6,21,804.8,24,9.2,24,8.3,24,22.0,28.0,79.0,32.0,0.00G,999.9,000000
722678,23052,20120329,55.4,24,9.2,24,1008.4,24,802.4,24,9.8,24,6.7,24,15.0,21.0,80.1,30.9,0.00G,999.9,000000
722678,23052,20120330,56.4,24,19.4,24,1008.9,24,803.1,24,9.8,24,5.8,24,15.0,999.9,81.0,34.0,0.00G,999.9,000000
722678,23052,20120331,60.2,24,20.1,24,1007.8,24,802.7,24,10.0,24,4.7,24,12.0,15.9,84.0,37.9,0.00G,999.9,000000
722678,23052,20120401,65.8,24,13.5,24,999.1,24,796.8,24,10.0,24,12.3,24,25.1,34.0,82.0,45.0,0.00G,999.9,000000
722678,23052,20120402,50.4,24,19.7,24,996.7,23,793.4,24,9.0,24,15.1,24,35.0,48.0,75.9,32.0,0.00G,999.9,010000
722678,23052,20120403,40.8,6,29.5,6,1009.5,5,801.2,6,8.6,5,18.6,5,28.9,42.0,46.9*,35.6*,99.99,999.9,011000
722678,23052,20120404,42.9,24,31.0,24,1011.4,17,802.4,24,8.1,24,7.0,24,14.0,20.0,66.0,33.1,0.04G,999.9,001000
722678,23052,20120405,51.2,23,31.0,23,1009.2,22,801.8,23,10.0,23,7.5,23,19.0,25.1,75.0,32.0,0.00G,999.9,000000
722678,23052,20120406,56.3,24,30.3,24,1008.4,24,802.5,24,10.0,24,10.7,24,27.0,35.9,75.9,39.9,0.00G,999.9,000000
722678,23052,20120407,52.5,24,11.0,24,1016.4,24,808.5,24,10.0,24,9.0,24,20.0,29.9,69.1,33.1,0.00G,999.9,000000
722678,23052,20120408,49.9,24,22.9,24,1024.0,24,813.6,24,10.0,24,6.3,24,13.0,999.9,73.0,30.9,0.00G,999.9,000000
722678,23052,20120409,55.7,24,26.2,24,1017.5,24,809.5,24,10.0,24,5.6,24,13.0,17.1,78.1,35.1,0.00G,999.9,000000
722678,23052,20120410,57.2,24,35.7,24,1015.3,24,808.3,24,10.0,24,8.1,24,24.1,29.9,75.9,37.9,0.00G,999.9,000000
722678,23052,20120411,58.7,24,39.8,24,1012.8,24,806.6,24,10.0,24,9.0,24,22.9,29.9,75.9,46.0,0.00G,999.9,010000
722678,23052,20120412,57.2,24,36.6,24,1005.3,21,800.4,24,9.5,24,11.9,24,21.0,31.1,71.1,44.1,0.01G,999.9,000000
722678,23052,20120413,52.2,24,9.4,24,1005.9,22,799.8,24,10.0,24,11.2,24,29.9,39.0,69.1,33.1,0.00G,999.9,000000
722678,23052,20120414,53.4,24,15.9,24,997.5,24,793.5,24,10.0,24,13.6,24,34.0,45.1,69.1,36.0,0.00G,999.9,000000
722678,23052,20120415,44.8,24,16.8,24,1000.0,23,794.0,24,9.7,24,12.7,24,25.1,35.0,62.1,34.0,0.00G,999.9,011000
722678,23052,20120416,43.6,24,28.6,24,1016.6,17,806.7,24,8.9,24,5.5,24,15.0,999.9,64.0,28.9,0.05G,999.9,111000
722678,23052,20120417,49.0,24,17.0,24,1018.8,24,808.9,24,10.0,24,6.3,24,17.1,27.0,75.9,27.0,0.00G,999.9,000000
722678,23052,20120418,59.3,24,16.8,24,1012.2,24,805.9,24,10.0,24,8.9,24,19.0,29.9,81.0,35.1,0.00G,999.9,000000
722678,23052,20120419,57.4,24,25.8,24,1006.8,24,802.0,24,10.0,24,9.0,24,19.0,24.1,73.0,48.0,0.00G,999.9,010000
722678,23052,20120420,50.9,24,36.1,24,1016.1,24,807.6,24,9.9,24,7.3,24,20.0,999.9,69.1,35.1,0.12G,999.9,010000
722678,23052,20120421,58.3,24,28.6,24,1015.6,24,808.3,24,10.0,24,6.8,24,15.9,20.0,81.0,34.0,0.00G,999.9,000000
722678,23052,20120422,60.2,24,32.1,24,1018.1,24,811.2,24,10.0,24,5.7,24,14.0,18.1,79.0,39.9,0.00G,999.9,000000
722678,23052,20120423,60.0,24,40.5,24,1018.7,24,811.5,24,10.0,24,5.0,24,18.1,22.0,82.0,41.0,0.01G,999.9,010000
722678,23052,20120424,63.2,24,32.5,24,1012.2,24,806.6,24,9.8,24,6.4,24,20.0,28.9,89.1,41.0,0.02G,999.9,000000
722678,23052,20120425,65.4,24,24.0,24,1008.3,24,804.1,24,9.1,24,5.6,24,11.1,14.0,90.0,41.0,0.00G,999.9,000000
722678,23052,20120426,67.3,24,31.3,24,1008.6,23,805.1,24,9.9,24,9.7,24,27.0,36.9,82.0,50.0,0.00G,999.9,000000
722678,23052,20120427,62.9,24,26.4,24,999.6,22,796.9,24,10.0,24,15.8,24,24.1,32.1,75.9,46.0,0.00G,999.9,000000
722678,23052,20120428,53.8,24,24.7,24,1007.5,24,802.0,24,9.4,24,10.8,24,22.0,28.9,73.0,39.9,0.00G,999.9,000000
722678,23052,20120429,58.2,24,32.3,24,1008.6,24,802.8,24,10.0,24,11.9,24,21.0,32.1,73.9,41.0,0.00G,999.9,010000
722678,23052,20120430,60.0,24,19.0,24,1009.6,23,803.9,24,10.0,24,7.5,24,17.1,25.1,81.0,37.9,0.00G,999.9,000000
722678,23052,20120501,65.1,24,13.3,24,1003.5,24,800.1,24,10.0,24,9.2,24,21.0,29.9,84.9,37.0,0.00G,999.9,000000
722678,23052,20120502,68.7,24,18.7,24,1002.7,24,800.2,24,10.0,24,10.0,24,24.1,33.0,86.0,45.0,0.00G,999.9,000000
722678,23052,20120503,67.0,24,22.7,24,1006.7,24,803.3,24,10.0,24,8.5,24,21.0,27.0,84.0,44.1,0.00G,999.9,000000
722678,23052,20120504,66.7,24,23.2,24,1007.9,24,804.0,24,10.0,24,8.0,24,15.0,22.9,91.0,41.0,0.00G,999.9,000000
722678,23052,20120505,71.5,24,10.6,24,1004.9,24,802.5,24,10.0,24,9.1,24,17.1,27.0,91.0,44.1,0.00G,999.9,000000
722678,23052,20120506,65.6,24,28.0,24,1008.3,24,805.0,24,10.0,24,15.0,24,24.1,33.0,86.0,52.0,0.00G,999.9,000000
722678,23052,20120507,47.7,24,40.0,24,1018.1,23,809.4,24,9.5,24,8.8,24,19.0,28.0,55.9*,39.2*,0.24G,999.9,010000
722678,23052,20120508,49.9,24,38.5,24,1019.8,19,810.1,24,9.5,24,3.4,24,11.1,15.0,66.0,39.0,0.10G,999.9,010000
722678,23052,20120509,54.1,24,39.1,24,1017.0,24,809.0,24,10.0,24,7.0,24,13.0,20.0,73.0,37.0,0.03G,999.9,010000
722678,23052,20120510,59.3,24,33.6,24,1009.2,24,803.6,24,9.8,24,6.6,24,13.0,18.1,77.0,39.9,0.00G,999.9,000000
722678,23052,20120511,54.9,24,38.0,24,1011.8,24,805.5,24,9.8,24,14.5,24,28.9,36.9,72.0,45.0,0.00G,999.9,000000
722678,23052,20120512,52.7,24,40.0,24,1020.8,23,811.7,24,9.7,24,8.5,24,20.0,31.1,69.1,44.1,0.03G,999.9,010000
722678,23052,20120513,52.4,24,44.0,24,1021.4,16,812.5,24,9.5,24,5.8,24,22.9,36.9,64.0*,46.4*,0.23G,999.9,010000
722678,23052,20120514,54.2,24,40.6,24,1021.0,22,812.0,24,9.5,24,5.9,24,11.1,18.1,70.0*,44.6*,0.31G,999.9,010000
722678,23052,20120515,59.5,24,35.6,24,1019.2,24,811.4,24,10.0,23,4.2,24,8.9,999.9,81.0,41.0,0.01G,999.9,000000
722678,23052,20120516,61.9,24,30.9,24,1016.4,24,810.0,24,10.0,18,9.0,24,25.1,31.1,80.1,42.1,0.00G,999.9,000000
722678,23052,20120517,65.8,24,29.5,24,1009.1,23,804.6,24,10.0,24,8.4,24,20.0,35.0,84.9,46.0,0.00G,999.9,010000
722678,23052,20120518,66.6,24,27.8,24,1003.0,24,800.0,24,10.0,24,9.9,24,28.0,36.9,87.1,43.0,0.00G,999.9,000000
722678,23052,20120519,66.8,24,24.5,24,1003.7,23,801.2,24,9.4,24,8.2,24,24.1,32.1,82.0,48.9,0.00G,999.9,000000
722678,23052,20120520,59.9,24,39.7,24,1017.3,24,810.5,24,10.0,24,8.4,24,20.0,26.0,77.0,46.9,0.00G,999.9,000000
722678,23052,20120521,63.6,24,48.0,24,1018.4,22,812.0,24,8.9,24,8.6,24,20.0,25.1,82.0,54.0,0.00G,999.9,010000
722678,23052,20120522,68.2,24,42.7,24,1011.0,24,806.4,24,9.7,24,8.0,24,19.0,26.0,91.9,48.9,0.03G,999.9,000000
722678,23052,20120523,72.2,24,21.8,24,997.3,24,796.5,24,10.0,24,11.4,24,27.0,38.1,90.0,46.9,0.00G,999.9,000000
722678,23052,20120524,68.1,24,27.8,18,995.1,24,794.4,24,9.8,24,13.8,24,26.0,32.1,87.1,46.9,0.00G,999.9,000000
722678,23052,20120525,69.6,24,28.5,24,1000.9,24,798.8,24,9.5,24,14.9,24,34.0,49.0,91.0,51.1,0.00G,999.9,000000
722678,23052,20120526,72.7,24,20.0,24,1002.4,24,800.6,24,10.0,24,19.0,24,40.0,55.9,89.1,51.1,0.00G,999.9,000000
722678,23052,20120527,68.4,24,9.2,24,1001.8,24,799.9,24,9.8,24,17.6,24,29.9,44.1,86.0,46.9,0.00G,999.9,000000
722678,23052,20120528,60.3,24,6.4,24,1009.9,24,804.6,24,10.0,24,10.8,24,20.0,28.9,84.0,34.0,0.00G,999.9,000000
722678,23052,20120529,71.6,24,13.9,24,1009.6,24,806.0,24,10.0,24,11.9,24,18.1,25.1,86.0,55.9,0.00G,999.9,000000
722678,23052,20120530,70.0,24,23.9,24,1008.0,24,804.7,24,9.8,24,8.5,24,19.0,22.9,90.0,45.0,0.00G,999.9,000000
722678,23052,20120531,67.6,24,33.0,24,1011.0,23,807.0,24,9.7,24,9.6,24,29.9,35.9,86.0,51.1,0.00G,999.9,000000
722678,23052,20120601,68.0,24,48.8,24,1010.6,22,806.2,24,10.0,24,5.8,24,21.0,28.9,93.0,52.0,0.18G,999.9,010000
722678,23052,20120602,65.8,24,49.4,24,1009.7,24,805.6,24,10.0,24,6.9,24,15.9,27.0,84.9,52.0,0.17G,999.9,010000
722678,23052,20120603,69.8,24,41.2,24,1009.1,24,805.2,24,10.0,24,6.8,24,20.0,27.0,93.0,48.9,0.00G,999.9,000000
722678,23052,20120604,71.1,24,41.0,24,1011.3,23,808.1,24,9.7,24,6.5,24,15.9,22.9,89.1,60.1,0.00G,999.9,010000
722678,23052,20120605,67.4,24,47.7,24,1011.1,23,806.9,24,10.0,24,7.2,24,15.0,19.0,82.0,55.0,0.09G,999.9,010000
722678,23052,20120606,68.5,24,49.7,24,1007.9,23,804.4,24,10.0,24,9.7,24,22.0,29.9,86.0*,51.8*,0.00G,999.9,000000
722678,23052,20120607,68.9,24,53.1,24,1009.8,21,806.2,24,8.4,24,12.1,24,28.9,55.0,82.9,50.0,1.13G,999.9,110000
722678,23052,20120608,70.8,24,55.0,24,1009.3,17,806.3,24,7.6,24,10.1,24,25.1,28.9,86.0,62.1,0.00G,999.9,000000
722678,23052,20120609,74.8,24,36.4,24,1002.0,24,800.5,24,10.0,24,10.6,24,22.9,28.9,93.9,53.1,0.00G,999.9,000000
722678,23052,20120610,78.5,24,24.7,24,999.4,23,799.5,24,10.0,24,9.7,24,19.0,29.9,93.0,62.1,0.00G,999.9,000000
722678,23052,20120611,69.4,24,36.7,24,1011.2,24,807.6,24,10.0,24,9.2,24,22.9,28.9,89.1,48.9,0.00G,999.9,000000
722678,23052,20120612,65.7,24,43.6,24,1016.4,21,810.8,24,9.4,24,9.3,24,22.0,29.9,84.9,54.0,0.03G,999.9,010000
722678,23052,20120613,65.6,24,52.1,24,1011.5,22,806.7,24,10.0,24,7.3,24,15.9,26.0,82.0,52.0,0.27G,999.9,000000
722678,23052,20120614,72.2,24,50.1,24,1006.8,24,804.0,24,9.0,24,7.2,24,21.0,27.0,90.0,59.0,0.00G,999.9,000000
722678,23052,20120615,68.9,24,44.7,24,1009.2,24,805.7,24,10.0,24,7.6,24,14.0,19.0,87.1,52.0,0.00G,999.9,000000
722678,23052,20120616,68.7,24,46.7,23,1013.2,20,808.8,24,10.0,24,9.0,24,24.1,35.9,84.9,53.1,0.06G,999.9,010000
722678,23052,20120617,66.2,24,43.4,24,1014.0,22,808.6,24,10.0,24,6.2,24,19.0,27.0,96.1,48.0,0.00G,999.9,000000
722678,23052,20120618,80.3,24,28.5,24,1001.4,24,801.0,24,10.0,24,7.9,24,17.1,26.0,98.1,57.0,0.00G,999.9,000000
722678,23052,20120619,79.2,24,20.1,24,998.6,24,799.0,24,10.0,24,9.0,24,20.0,31.1,99.0,52.0,0.00G,999.9,000000
722678,23052,20120620,75.5,24,33.4,24,1002.8,24,801.8,24,10.0,24,10.4,24,24.1,28.9,93.9,53.1,0.00G,999.9,000000
722678,23052,20120621,70.4,24,48.5,24,1015.4,24,811.2,24,9.5,24,10.1,24,15.0,28.0,84.9,62.1,0.00G,999.9,010000
722678,23052,20120622,74.1,24,51.1,24,1011.8,21,808.2,24,9.9,24,10.2,24,24.1,33.0,96.1,57.0,0.00G,999.9,000000
722678,23052,20120623,80.0,24,42.3,24,1006.4,24,805.0,24,10.0,24,9.2,24,27.0,36.9,99.0,59.0,0.00G,999.9,000000
722678,23052,20120624,81.0,24,37.2,24,1009.7,24,808.2,24,10.0,24,7.5,24,18.1,25.1,100.0,60.1,0.00G,999.9,000000
722678,23052,20120625,78.3,24,28.0,24,1012.2,24,809.8,24,10.0,24,8.3,24,22.9,31.1,98.1,54.0,0.00G,999.9,000000
722678,23052,20120626,80.3,24,27.3,24,1008.7,23,807.0,24,10.0,24,10.4,24,22.0,32.1,99.0,59.0,0.00G,999.9,000000
722678,23052,20120627,81.4,24,29.5,24,1007.9,24,806.8,24,10.0,24,8.3,24,21.0,32.1,100.0,60.1,0.00G,999.9,000000
722678,23052,20120628,80.4,24,37.4,24,1011.6,23,809.7,24,10.0,24,8.7,24,25.1,42.9,98.1,60.1,0.00G,999.9,010000
722678,23052,20120629,79.9,24,40.3,24,1011.4,24,809.4,24,10.0,24,5.4,24,15.0,33.0,100.0,60.1,0.00G,999.9,000000
722678,23052,20120630,81.1,24,36.1,24,1008.3,23,807.0,24,10.0,24,7.0,24,19.0,39.0,100.0,60.1,0.00G,999.9,010000
722678,23052,20120701,78.1,24,44.1,24,1008.7,22,807.0,24,10.0,24,9.3,24,21.0,38.1,95.0,63.0,0.00G,999.9,010000
722678,23052,20120702,79.1,24,47.4,24,1008.6,24,806.9,24,10.0,24,9.3,24,20.0,26.0,96.1,59.0,0.00G,999.9,010000
722678,23052,20120703,78.8,24,47.0,24,1008.1,23,806.5,24,10.0,24,8.4,24,17.1,27.0,96.1,62.1,0.00G,999.9,000000
722678,23052,20120704,78.7,24,44.5,24,1007.3,24,805.8,24,10.0,24,7.0,24,15.9,25.1,96.1,59.0,0.00G,999.9,000000
722678,23052,20120705,77.5,24,50.5,24,1008.1,23,806.5,24,10.0,24,10.8,24,20.0,28.0,93.0,61.0,0.00G,999.9,000000
722678,23052,20120706,70.9,24,55.2,24,1012.9,23,809.1,24,9.7,24,5.9,24,20.0,29.9,89.1,57.0,0.39G,999.9,010000
722678,23052,20120707,74.7,24,50.9,24,1016.3,24,812.3,24,10.0,24,9.4,24,18.1,28.9,87.1,62.1,0.00G,999.9,000000
722678,23052,20120708,73.4,24,48.0,24,1017.0,23,812.8,24,10.0,24,7.0,24,15.9,22.0,90.0,62.1,0.00G,999.9,010000
722678,23052,20120709,68.4,24,54.5,24,1018.8,24,813.4,24,9.9,24,6.0,24,17.1,25.1,81.0,59.0,0.01G,999.9,010000
722678,23052,20120710,68.9,24,52.6,24,1019.1,23,813.2,24,8.9,24,7.6,24,15.0,22.9,84.9,55.9,0.12G,999.9,010000
722678,23052,20120711,72.5,24,52.3,24,1016.8,21,812.4,24,9.1,24,6.7,24,19.0,999.9,88.0,60.1,0.00G,999.9,000000
722678,23052,20120712,75.6,24,46.1,24,1014.1,24,810.4,24,10.0,24,4.4,24,15.0,18.1,96.1,57.9,0.00G,999.9,000000
722678,23052,20120713,74.4,24,47.2,24,1014.4,22,810.8,24,9.8,24,7.0,24,25.1,31.1,93.0,57.9,0.00G,999.9,010000
722678,23052,20120714,74.0,24,46.9,24,1014.6,24,810.6,24,10.0,24,5.5,24,15.9,22.0,95.0,53.1,0.02G,999.9,000000
722678,23052,20120715,77.6,24,41.0,24,1012.1,24,809.4,24,10.0,24,6.2,24,17.1,26.0,95.0,59.0,0.00G,999.9,000000
722678,23052,20120716,74.7,24,42.4,24,1009.5,23,807.1,24,10.0,24,8.2,24,25.1,36.9,93.9,57.0,0.00G,999.9,010000
722678,23052,20120717,73.5,24,45.4,24,1009.3,23,806.4,24,10.0,24,6.3,24,17.1,999.9,93.0,55.9,0.00G,999.9,010000
722678,23052,20120718,73.9,24,46.5,24,1012.9,24,809.4,24,10.0,24,6.8,24,19.0,24.1,96.1,55.0,0.00G,999.9,000000
722678,23052,20120719,74.5,24,46.4,24,1016.2,24,812.1,24,9.9,24,6.7,24,13.0,17.1,93.0,54.0,0.00G,999.9,000000
722678,23052,20120720,77.8,24,42.8,24,1016.4,24,812.9,24,10.0,24,7.4,24,15.9,20.0,95.0,57.9,0.00G,999.9,000000
722678,23052,20120721,78.3,24,42.2,24,1015.7,24,812.5,24,10.0,24,7.7,24,17.1,27.0,95.0,59.0,0.00G,999.9,000000
722678,23052,20120722,79.5,24,41.8,24,1014.7,24,811.9,24,10.0,24,7.5,24,15.9,21.0,96.1,60.1,0.00G,999.9,000000
722678,23052,20120723,80.4,24,40.0,24,1013.0,24,810.8,24,10.0,24,5.7,24,15.9,22.9,98.1,60.1,0.00G,999.9,000000
722678,23052,20120724,78.3,24,39.9,24,1009.6,24,807.7,24,10.0,24,7.5,24,18.1,32.1,97.0,57.9,0.00G,999.9,000000
722678,23052,20120725,76.1,24,43.5,24,1007.2,22,805.6,24,10.0,24,10.3,24,22.9,31.1,93.0,55.9,0.00G,999.9,000000
722678,23052,20120726,74.2,24,51.1,24,1011.6,22,808.8,24,9.3,24,7.1,24,17.1,25.1,91.9,64.0,0.00G,999.9,010000
722678,23052,20120727,74.4,24,50.7,24,1016.0,24,811.8,24,10.0,24,6.5,24,13.0,21.0,91.9,59.0,0.43G,999.9,000000
722678,23052,20120728,76.5,24,49.9,24,1015.9,24,812.3,24,10.0,24,7.8,24,15.0,22.9,93.9,60.1,0.00G,999.9,000000
722678,23052,20120729,78.4,24,49.6,24,1014.5,24,811.4,24,10.0,24,6.1,24,15.9,22.0,98.1,61.0,0.00G,999.9,000000
722678,23052,20120730,82.2,24,46.4,24,1012.2,24,810.3,24,10.0,24,8.3,24,21.0,26.0,99.0,66.9,0.00G,999.9,000000
722678,23052,20120731,80.3,24,49.1,24,1013.5,23,811.2,24,10.0,24,9.0,24,18.1,28.9,97.0,64.9,0.00G,999.9,000000
722678,23052,20120801,81.4,24,43.3,24,1012.4,24,810.2,24,10.0,24,7.5,24,13.0,22.0,100.0,61.0,0.00G,999.9,000000
722678,23052,20120802,80.3,24,46.0,24,1009.5,24,808.0,24,10.0,24,8.6,24,21.0,35.0,97.0,64.0,0.00G,999.9,010000
722678,23052,20120803,75.2,24,48.5,24,1009.8,23,807.4,24,10.0,24,7.8,24,22.0,35.9,98.1,62.1,0.01G,999.9,010000
722678,23052,20120804,71.3,24,49.2,24,1012.4,24,809.0,24,10.0,24,10.4,24,20.0,25.1,84.9,61.0,0.06G,999.9,010000
722678,23052,20120805,68.6,24,53.6,24,1021.1,24,814.9,24,10.0,24,7.2,24,19.0,25.1,86.0,57.0,0.00G,999.9,000000
722678,23052,20120806,77.6,24,49.2,24,1017.6,24,813.3,24,10.0,24,5.5,24,18.1,19.0,96.1,63.0,0.00G,999.9,000000
722678,23052,20120807,81.9,24,39.5,24,1013.4,24,811.1,24,10.0,24,6.6,24,12.0,22.0,98.1,68.0,0.00G,999.9,000000
722678,23052,20120808,79.9,24,42.4,24,1015.7,23,812.8,24,10.0,24,8.6,24,22.9,33.0,95.0,62.1,0.00G,999.9,010000
722678,23052,20120809,76.7,24,30.2,24,1016.6,24,812.9,24,10.0,24,6.5,24,15.0,20.0,100.0,53.1,0.00G,999.9,000000
722678,23052,20120810,78.8,24,41.2,24,1014.4,24,811.7,24,10.0,24,8.5,24,20.0,27.0,93.9,66.0,0.00G,999.9,000000
722678,23052,20120811,76.3,24,46.4,24,1012.2,24,809.2,24,10.0,24,6.5,24,22.0,29.9,100.0,57.0,0.05G,999.9,010000
722678,23052,20120812,72.3,24,50.2,24,1014.8,23,811.2,24,9.4,24,10.0,24,24.1,29.9,90.0,62.1,0.04G,999.9,010000
722678,23052,20120813,66.8,24,53.2,24,1018.2,23,812.3,24,9.6,24,7.0,23,22.0,33.0,88.0,54.0,0.27G,999.9,010000
722678,23052,20120814,70.4,24,51.9,24,1013.5,23,809.0,24,9.4,24,6.3,24,21.0,28.0,91.0,59.0,0.57G,999.9,010000
722678,23052,20120815,72.7,24,46.7,24,1010.0,24,806.7,24,9.4,24,6.0,24,15.9,19.0,91.0,55.9,0.02G,999.9,000000
722678,23052,20120816,69.2,24,49.6,24,1014.5,24,810.2,24,9.0,24,11.7,24,25.1,32.1,86.0,59.0,0.09G,999.9,010000
722678,23052,20120817,68.0,24,51.4,24,1016.0,24,810.8,24,10.0,24,5.8,24,18.1,22.9,84.0,57.0,0.00G,999.9,000000
722678,23052,20120818,69.1,24,47.1,24,1013.4,24,808.8,24,10.0,24,8.3,24,18.1,26.0,84.9,52.0,0.00G,999.9,010000
722678,23052,20120819,70.7,24,49.6,24,1014.3,24,809.9,24,9.9,24,6.2,24,20.0,27.0,91.0,54.0,0.01G,999.9,010000
722678,23052,20120820,69.1,24,50.7,24,1013.4,23,809.0,24,9.8,24,7.0,24,24.1,38.1,86.0,55.9,0.00G,999.9,010000
722678,23052,20120821,68.6,24,45.6,24,1014.2,24,809.3,24,9.9,24,6.8,24,14.0,22.9,90.0,50.0,0.00G,999.9,000000
722678,23052,20120822,69.1,24,55.0,24,1013.6,21,809.4,24,7.6,24,6.2,24,15.9,26.0,82.9,60.1,0.00G,999.9,010000
722678,23052,20120823,69.1,24,52.5,24,1010.8,24,806.7,24,10.0,24,6.1,24,17.1,27.0,88.0,55.0,0.02G,999.9,000000
722678,23052,20120824,68.2,24,49.5,24,1008.2,23,804.6,24,10.0,24,5.2,24,15.0,999.9,89.1,52.0,0.00G,999.9,010000
722678,23052,20120825,69.4,24,45.3,24,1008.9,24,805.2,24,10.0,24,9.5,24,22.9,28.9,88.0,48.9,0.00G,999.9,000000
722678,23052,20120826,70.4,24,50.2,24,1014.3,23,810.2,24,9.4,24,5.9,24,14.0,15.9,91.0,57.0,0.00G,999.9,010000
722678,23052,20120827,67.9,24,49.2,24,1019.4,24,813.4,24,10.0,24,6.0,23,13.0,15.0,84.9,52.0,0.59G,999.9,000000
722678,23052,20120828,68.8,24,40.3,24,1019.6,24,813.8,24,10.0,24,6.2,24,11.1,15.9,87.1,48.9,0.00G,999.9,000000
722678,23052,20120829,68.1,24,36.7,24,1016.6,24,811.4,24,10.0,24,6.1,24,13.0,22.9,87.1,48.0,0.00G,999.9,000000
722678,23052,20120830,67.3,24,31.0,24,1014.5,24,809.5,24,10.0,24,6.8,24,13.0,21.0,84.0,46.9,0.00G,999.9,000000
722678,23052,20120831,67.8,24,30.8,24,1015.3,24,810.2,24,10.0,24,4.7,24,11.1,14.0,84.0,46.9,0.00G,999.9,000000
722678,23052,20120901,69.9,24,34.0,24,1015.3,24,810.4,24,10.0,24,6.3,24,15.9,22.0,90.0,51.1,0.00G,999.9,000000
722678,23052,20120902,72.0,24,37.8,24,1013.5,24,809.5,24,10.0,24,6.2,24,12.0,14.0,90.0,51.1,0.00G,999.9,010000
722678,23052,20120903,74.8,24,45.5,24,1012.7,23,809.5,24,10.0,24,6.6,24,15.0,21.0,88.0,55.9,0.00G,999.9,000000
722678,23052,20120904,69.7,24,46.2,24,1014.1,24,809.7,24,10.0,24,5.9,24,9.9,999.9,88.0,51.1,0.01G,999.9,010000
722678,23052,20120905,70.3,24,37.2,24,1012.4,24,808.4,24,10.0,24,7.8,24,20.0,24.1,84.9,52.0,0.00G,999.9,000000
722678,23052,20120906,69.0,24,44.0,24,1013.3,24,808.8,24,10.0,24,7.5,24,17.1,21.0,90.0,51.1,0.00G,999.9,000000
722678,23052,20120907,65.9,24,44.4,24,1013.6,24,808.9,24,9.7,24,12.9,24,24.1,28.9,82.9,54.0,0.00G,999.9,010000
722678,23052,20120908,59.1,24,44.5,24,1023.4,24,815.2,24,10.0,24,5.2,24,11.1,999.9,73.9,50.0,0.01G,999.9,000000
722678,23052,20120909,60.7,24,35.9,24,1021.4,24,813.6,24,10.0,24,5.3,24,9.9,17.1,79.0,39.0,0.00G,999.9,000000
722678,23052,20120910,64.0,24,32.5,24,1016.0,24,810.0,24,10.0,24,5.4,24,13.0,15.9,86.0,45.0,0.00G,999.9,000000
722678,23052,20120911,68.6,24,42.2,24,1009.9,24,805.9,24,10.0,24,6.3,24,15.0,24.1,90.0,50.0,0.00G,999.9,010000
722678,23052,20120912,62.8,24,44.5,24,1013.1,23,808.0,24,9.7,24,11.0,24,19.0,28.9,81.0,51.1,0.05G,999.9,010000
722678,23052,20120913,53.4,24,44.1,24,1024.5,17,815.5,24,9.2,24,12.3,24,18.1,27.0,64.0,48.0,0.33G,999.9,010000
722678,23052,20120914,52.2,24,39.0,24,1028.1,24,817.5,24,9.2,24,6.0,24,13.0,18.1,69.1,39.0,0.00G,999.9,000000
722678,23052,20120915,54.5,24,30.9,24,1023.2,24,813.8,24,10.0,24,5.5,24,12.0,20.0,81.0,33.1,0.00G,999.9,000000
722678,23052,20120916,60.8,24,25.1,24,1016.3,24,809.3,24,10.0,24,4.8,24,8.9,19.0,84.9,39.0,0.00G,999.9,000000
722678,23052,20120917,59.6,24,29.8,24,1013.2,23,807.7,24,9.4,24,11.3,24,21.0,28.9,81.0,43.0,0.00G,999.9,010000
722678,23052,20120918,50.8,24,41.1,24,1020.1,20,811.3,24,7.7,24,5.3,24,8.9,14.0,73.9*,35.6*,0.27G,999.9,110000
722678,23052,20120919,61.1,24,33.7,24,1016.7,24,809.6,24,10.0,24,4.3,24,8.0,999.9,84.0,39.9,0.00G,999.9,000000
722678,23052,20120920,62.5,23,29.6,23,1015.5,23,809.6,23,10.0,23,7.1,23,14.0,20.0,84.0,42.1,0.00G,999.9,000000
722678,23052,20120921,62.8,24,28.5,24,1016.0,24,809.8,24,10.0,24,5.0,24,8.0,999.9,84.0,43.0,0.00G,999.9,000000
722678,23052,20120922,65.5,24,32.9,24,1017.4,23,811.4,24,10.0,24,6.8,24,15.9,22.9,84.9,44.1,0.00G,999.9,000000
722678,23052,20120923,64.7,24,32.7,24,1017.5,24,811.4,24,10.0,24,7.7,24,22.0,34.0,86.0,43.0,0.00G,999.9,000000
722678,23052,20120924,64.0,24,29.2,24,1014.6,23,809.1,24,10.0,24,4.8,24,17.1,24.1,80.1,46.9,0.00G,999.9,010000
722678,23052,20120925,61.3,24,37.0,24,1010.6,24,805.4,24,10.0,24,6.7,24,17.1,24.1,77.0,46.0,0.00G,999.9,010000
722678,23052,20120926,55.1,24,36.9,24,1013.9,24,806.9,24,10.0,24,6.5,24,22.0,28.9,73.9,39.0,0.00G,999.9,000000
722678,23052,20120927,57.0,24,43.1,24,1016.7,21,809.7,24,10.0,24,8.8,24,15.9,21.0,73.0,44.1,0.00G,999.9,000000
722678,23052,20120928,58.3,24,45.8,24,1017.2,23,810.0,24,9.7,24,6.9,24,15.0,21.0,69.8*,48.0*,0.00G,999.9,010000
722678,23052,20120929,55.9,24,47.2,24,1017.7,21,810.1,24,9.0,24,4.5,24,18.1,22.0,72.0,46.0,0.69G,999.9,010000
722678,23052,20120930,58.6,24,40.9,24,1016.2,24,809.1,24,10.0,24,7.8,24,18.1,26.0,73.0,46.0,0.06G,999.9,010000
722678,23052,20121001,57.7,24,37.3,24,1018.1,24,810.8,24,10.0,24,10.3,24,19.0,28.9,68.0,46.9,0.00G,999.9,000000
722678,23052,20121002,54.1,24,33.5,24,1016.6,24,808.6,24,10.0,24,5.2,24,8.9,999.9,77.0,35.1,0.00G,999.9,000000
722678,23052,20121003,60.2,24,29.0,24,1010.2,24,804.4,24,10.0,24,5.8,24,9.9,19.0,84.0,39.9,0.00G,999.9,000000
722678,23052,20121004,54.8,24,28.9,24,1016.7,23,809.6,24,9.7,24,12.7,24,24.1,35.0,80.1,39.0,0.00G,999.9,000000
722678,23052,20121005,47.8,24,34.8,24,1017.6,22,808.3,24,10.0,24,7.4,24,15.0,22.9,64.0,37.9,0.00G,999.9,000000
722678,23052,20121006,38.9,24,34.7,24,1019.7,14,808.8,24,6.4,24,9.3,24,15.9,999.9,53.1*,33.8*,0.01G,999.9,010000
722678,23052,20121007,36.1,24,31.8,24,1021.4,17,808.9,24,6.8,24,7.7,24,14.0,20.0,46.0,32.0,0.07G,999.9,011000
722678,23052,20121008,42.1,24,26.1,24,1017.4,24,806.0,24,9.7,24,5.5,24,21.0,27.0,72.0,24.1,0.01G,999.9,000000
722678,23052,20121009,54.5,24,21.9,24,1011.6,24,804.4,24,10.0,24,6.3,24,15.9,22.9,73.9,32.0,0.00G,999.9,000000
722678,23052,20121010,47.4,24,34.4,24,1018.8,22,809.6,24,10.0,24,7.6,24,18.1,21.0,71.1,33.1,0.00G,999.9,000000
722678,23052,20121011,53.9,24,33.3,24,1016.0,24,807.6,24,10.0,24,6.1,24,14.0,20.0,79.0,33.1,0.00G,999.9,000000
722678,23052,20121012,52.1,24,41.2,24,1017.1,22,809.1,24,9.8,24,9.7,24,20.0,26.0,69.1,37.9,0.00G,999.9,010000
722678,23052,20121013,49.1,24,33.8,24,1011.3,22,803.5,24,9.4,24,7.8,24,17.1,26.0,63.0,35.1,0.44G,999.9,010000
722678,23052,20121014,50.4,24,33.1,24,1019.8,24,810.4,24,10.0,24,8.0,24,21.0,28.0,66.9,34.0,0.00G,999.9,000000
722678,23052,20121015,52.0,24,32.4,24,1017.0,24,808.3,24,10.0,24,6.4,24,15.0,18.1,77.0,33.1,0.00G,999.9,000000
722678,23052,20121016,58.0,24,25.3,24,1007.3,24,801.9,24,10.0,24,8.6,24,17.1,24.1,81.0,37.9,0.00G,999.9,000000
722678,23052,20121017,61.6,24,16.2,24,1001.9,24,798.5,24,10.0,24,11.3,24,25.1,38.1,72.0,48.0,0.00G,999.9,000000
722678,23052,20121018,47.0,24,21.9,24,1012.9,24,805.0,24,10.0,24,4.5,24,12.0,999.9,66.0,28.0,0.00G,999.9,000000
722678,23052,20121019,47.8,24,21.6,24,1015.8,24,806.6,24,10.0,24,5.9,24,11.1,14.0,73.0,28.0,0.00G,999.9,000000
722678,23052,20121020,54.6,24,18.0,24,1008.6,24,802.0,24,10.0,24,7.6,24,15.0,19.0,79.0,33.1,0.00G,999.9,000000
722678,23052,20121021,56.5,24,18.5,24,1005.3,24,800.2,24,10.0,24,6.1,24,15.9,22.9,77.0,35.1,0.00G,999.9,000000
722678,23052,20121022,57.4,24,24.1,24,1007.1,24,801.9,24,10.0,24,9.8,24,20.0,28.9,75.0,35.1,0.00G,999.9,000000
722678,23052,20121023,62.3,24,21.7,24,1005.9,23,801.4,24,10.0,24,12.3,24,28.9,35.0,78.1,46.9,0.00G,999.9,000000
722678,23052,20121024,58.5,24,20.3,24,1004.2,24,799.9,24,10.0,24,9.6,24,21.0,32.1,78.1,39.0,0.00G,999.9,000000
722678,23052,20121025,44.9,24,23.0,24,1010.8,23,803.2,24,10.0,24,13.4,24,25.1,36.9,68.0,30.0,0.00G,999.9,000000
722678,23052,20121026,36.1,24,20.1,24,1024.1,22,811.0,24,9.7,24,7.5,24,15.9,22.9,45.0,26.1,0.00G,999.9,001000
722678,23052,20121027,34.3,24,17.7,24,1021.9,24,808.4,24,10.0,24,5.0,24,14.0,15.0,55.0,19.9,0.00G,999.9,000000
722678,23052,20121028,40.0,24,15.8,24,1019.7,24,807.9,24,10.0,24,4.9,24,8.0,999.9,60.1,23.0,0.00G,999.9,000000
722678,23052,20121029,46.5,24,18.3,24,1018.7,24,808.3,24,10.0,24,6.0,24,8.9,999.9,69.1,27.0,0.00G,999.9,000000
722678,23052,20121030,49.6,24,19.1,24,1017.7,24,808.5,24,10.0,24,4.9,24,8.0,14.0,70.0,32.0,0.00G,999.9,000000
722678,23052,20121031,48.8,24,19.6,24,1018.0,24,808.9,24,10.0,24,5.4,24,8.0,15.0,73.0,30.0,0.00G,999.9,000000
722678,23052,20121101,49.7,24,16.8,24,1016.7,24,807.9,24,10.0,24,7.0,24,14.0,21.0,73.9,30.0,0.00G,999.9,000000
722678,23052,20121102,51.9,24,7.6,24,1012.2,24,804.8,24,10.0,24,7.7,24,14.0,18.1,71.1,30.0,0.00G,999.9,000000
722678,23052,20121103,46.4,24,21.8,24,1018.8,24,809.3,24,10.0,24,5.6,24,12.0,999.9,59.0,32.0,0.00G,999.9,000000
722678,23052,20121104,43.6,24,19.0,24,1020.9,24,809.7,24,10.0,24,4.4,24,7.0,999.9,69.1,25.0,0.00G,999.9,000000
722678,23052,20121105,46.6,24,19.2,24,1022.0,24,811.7,24,10.0,23,6.5,24,11.1,999.9,60.1*,30.0*,0.00G,999.9,000000
722678,23052,20121106,48.2,24,21.1,24,1021.5,24,811.0,24,10.0,24,5.1,24,8.9,14.0,70.0,30.0,0.00G,999.9,000000
722678,23052,20121107,49.5,24,20.8,24,1018.3,24,809.2,24,10.0,24,5.4,24,9.9,999.9,73.9,28.9,0.00G,999.9,000000
722678,23052,20121108,51.3,24,12.6,24,1011.7,23,804.1,24,10.0,24,7.5,24,15.0,21.0,71.1,28.9,0.00G,999.9,000000
722678,23052,20121109,51.6,24,23.5,24,1006.7,23,800.3,24,10.0,24,11.6,23,28.0,35.0,66.9,30.0,0.00G,999.9,000000
722678,23052,20121110,46.8,24,31.1,24,1001.5,24,795.7,24,10.0,24,14.4,24,35.0,42.9,57.0,36.0,0.00G,999.9,010000
722678,23052,20121111,28.2,24,4.6,23,1011.0,23,799.6,24,10.0,24,10.2,24,21.0,28.9,42.1,12.0,0.00G,999.9,000000
722678,23052,20121112,24.4,24,-2.6,24,1027.8,24,810.8,24,10.0,24,6.3,24,20.0,28.9,46.9,3.9,0.01G,999.9,000000
722678,23052,20121113,34.0,24,-3.3,24,1025.0,24,810.3,24,10.0,24,4.4,24,11.1,999.9,59.0,19.0,0.00G,999.9,000000
722678,23052,20121114,35.4,24,5.4,24,1024.7,24,811.0,24,10.0,24,5.2,24,9.9,999.9,60.1,17.1,0.00G,999.9,000000
722678,23052,20121115,38.1,24,5.6,24,1022.8,24,810.0,24,10.0,24,9.0,24,15.0,22.0,55.0,19.9,0.00G,999.9,000000
722678,23052,20121116,37.5,24,20.8,24,1026.1,24,812.7,24,10.0,24,5.8,24,18.1,999.9,60.1,24.1,0.00G,999.9,000000
722678,23052,20121117,40.6,24,17.5,24,1020.8,24,809.0,24,10.0,24,6.0,24,15.9,999.9,64.9,21.9,0.00G,999.9,000000
722678,23052,20121118,42.5,24,19.8,24,1016.4,23,805.8,24,10.0,24,6.2,24,15.0,24.1,64.0,25.0,0.00G,999.9,000000
722678,23052,20121119,42.9,24,15.2,24,1020.0,24,809.2,24,10.0,24,5.8,24,9.9,999.9,62.1,27.0,0.00G,999.9,000000
722678,23052,20121120,39.9,24,10.9,24,1023.8,24,811.5,24,10.0,24,5.5,24,8.9,999.9,62.1,21.9,0.00G,999.9,000000
722678,23052,20121121,40.2,24,9.5,24,1020.0,24,808.6,24,10.0,24,5.2,24,8.9,999.9,62.1,21.9,0.00G,999.9,000000
722678,23052,20121122,41.1,24,6.3,24,1016.7,24,805.9,24,10.0,24,4.5,24,12.0,999.9,62.1,23.0,0.00G,999.9,000000
722678,23052,20121123,33.8,24,15.3,24,1030.5,24,816.0,24,10.0,24,5.5,24,9.9,19.0,54.0,18.0,0.00G,999.9,000000
722678,23052,20121124,36.5,24,11.4,24,1024.4,24,810.4,24,10.0,24,5.1,24,8.9,999.9,66.0,16.0,0.00G,999.9,000000
722678,23052,20121125,41.2,24,3.1,24,1013.3,24,803.2,24,10.0,24,6.2,24,15.0,999.9,64.0,21.0,0.00G,999.9,000000
722678,23052,20121126,40.2,24,11.1,24,1015.2,24,805.1,24,10.0,24,7.1,24,12.0,18.1,55.9,24.1,0.00G,999.9,000000
722678,23052,20121127,33.0,23,16.1,23,1025.5,21,811.4,23,10.0,23,4.5,23,9.9,999.9,59.0*,17.1*,0.00G,999.9,000000
722678,23052,20121128,36.7,24,-4.2,24,1023.3,24,810.1,24,10.0,24,6.5,24,8.9,999.9,57.9,18.0,0.00G,999.9,000000
722678,23052,20121129,41.1,24,7.5,24,1018.1,23,806.7,24,10.0,24,6.4,24,14.0,999.9,68.0,23.0,0.00G,999.9,000000
722678,23052,20121130,41.7,24,12.7,24,1016.3,24,805.9,24,10.0,24,7.1,24,19.0,999.9,68.0,24.1,0.00G,999.9,000000
722678,23052,20121201,54.6,24,16.4,24,1010.6,24,803.6,24,10.0,24,9.4,24,22.0,29.9,66.9,41.0,0.00G,999.9,000000
722678,23052,20121202,43.1,24,15.1,24,1014.3,24,805.1,24,10.0,24,5.7,24,15.0,22.0,66.9,24.1,0.00G,999.9,000000
722678,23052,20121203,51.0,24,17.9,24,1008.6,24,801.4,24,10.0,24,7.6,24,18.1,27.0,63.0,39.0,0.00G,999.9,000000
722678,23052,20121204,37.8,24,17.8,24,1023.5,24,811.4,24,10.0,24,4.7,24,8.9,999.9,53.1,21.0,0.00G,999.9,000000
722678,23052,20121205,40.4,24,19.9,24,1021.1,24,808.9,24,10.0,24,5.4,24,11.1,999.9,64.9,25.0,0.00G,999.9,000000
722678,23052,20121206,46.6,24,17.9,24,1010.3,24,802.1,24,10.0,24,7.8,24,18.1,20.0,60.1,30.0,0.00G,999.9,000000
722678,23052,20121207,39.0,24,23.7,24,1009.7,24,800.4,24,10.0,24,6.1,24,12.0,999.9,57.0,21.0,0.00G,999.9,000000
722678,23052,20121208,35.7,24,16.8,24,1009.2,23,798.7,24,10.0,24,6.1,24,22.0,39.0,59.0,17.1,0.00G,999.9,000000
722678,23052,20121209,26.6,24,13.1,24,1010.7,19,800.2,24,7.0,24,10.9,24,19.0,24.1,50.0,14.0,0.00G,999.9,101000
722678,23052,20121210,7.9,24,-0.9,24,1023.0,24,803.1,24,10.0,24,4.8,24,12.0,999.9,27.0,-8.0,0.10G,999.9,000000
722678,23052,20121211,16.6,24,5.8,24,1019.7,24,801.8,24,10.0,24,4.1,24,7.0,999.9,30.0,3.0,0.01G,999.9,000000
722678,23052,20121212,22.5,24,10.1,24,1017.7,24,801.6,24,10.0,24,5.3,24,9.9,999.9,46.9,7.0,0.00G,999.9,000000
722678,23052,20121213,33.7,24,15.9,24,1017.1,24,804.2,24,10.0,24,4.9,24,14.0,999.9,55.0,16.0,0.00G,999.9,000000
722678,23052,20121214,29.8,24,22.5,24,1012.9,15,798.7,24,7.1,24,4.9,24,13.0,999.9,42.1,21.0,0.00G,999.9,101000
722678,23052,20121215,32.4,24,17.6,24,1006.3,21,795.0,24,9.3,24,8.6,24,25.1,39.0,48.0,12.9,0.18G,999.9,100000
722678,23052,20121216,30.8,24,16.1,24,1006.3,24,795.4,24,10.0,24,8.9,24,22.0,29.9,44.1,19.0,0.01G,999.9,001000
722678,23052,20121217,30.4,24,11.0,24,1010.2,24,798.2,24,10.0,24,9.0,24,26.0,35.0,53.1,15.1,0.00G,999.9,000000
722678,23052,20121218,38.2,24,14.5,24,1006.6,24,797.2,24,10.0,24,10.2,24,21.0,28.9,50.0,23.0,0.00G,999.9,000000
722678,23052,20121219,30.1,24,20.6,24,1002.4,20,792.7,24,9.0,24,9.3,24,29.9,40.0,39.0,18.0,0.00G,999.9,101000
722678,23052,20121220,15.2,24,3.3,24,1027.1,24,807.9,24,10.0,24,7.6,24,25.1,35.0,41.0,-0.9,0.10G,999.9,000000
722678,23052,20121221,25.4,24,9.3,24,1028.5,24,810.8,24,10.0,24,5.2,24,8.9,999.9,50.0,10.9,0.00G,999.9,000000
722678,23052,20121222,29.3,24,12.6,24,1020.0,24,805.8,24,10.0,24,5.6,24,8.9,999.9,53.1,12.9,0.01G,999.9,000000
722678,23052,20121223,33.1,24,8.6,24,1015.1,24,802.6,24,10.0,24,7.2,24,20.0,36.9,54.0,12.9,0.00I,999.9,000000
722678,23052,20121224,30.8,24,12.0,24,1011.3,24,799.7,24,10.0,24,4.4,24,8.9,999.9,46.9,15.1,0.00G,999.9,000000
722678,23052,20121225,25.0,24,11.1,24,1011.4,23,798.4,24,10.0,24,13.3,24,21.0,31.1,41.0,18.0,0.00G,999.9,000000
722678,23052,20121226,17.1,24,8.9,24,1017.5,23,801.0,24,10.0,24,3.4,24,7.0,999.9,35.1,7.0,0.01G,999.9,000000
722678,23052,20121227,24.8,24,9.4,24,1006.6,24,793.6,24,10.0,24,6.5,24,14.0,999.9,42.1,10.0,0.00G,999.9,000000
722678,23052,20121228,22.1,24,11.9,24,1012.8,20,799.0,24,10.0,24,5.4,24,13.0,18.1,33.1,10.0,0.01G,999.9,000000
722678,23052,20121229,17.1,24,4.4,24,1025.4,24,807.1,24,10.0,24,6.1,24,15.0,999.9,39.0,1.0,0.00I,999.9,000000
722678,23052,20121230,23.4,24,8.8,24,1019.5,24,803.6,24,10.0,24,3.9,24,11.1,999.9,37.0,10.9,0.00G,999.9,000000
722678,23052,20121231,25.4,24,14.2,24,1012.1,19,799.0,24,8.3,24,6.8,24,17.1,22.0,34.0,19.0,0.00G,999.9,101000
