727459,94964,20090101,6.8,24,-3.4,24,9999.9,0,953.6,24,6.4,24,6.2,24,13.0,17.1,19.4*,-14.8*,99.99,999.9,001000
727459,94964,20090102,4.3,24,-4.8,24,9999.9,0,952.5,24,8.0,24,6.2,24,12.0,17.1,17.6*,-5.8*,99.99,999.9,001000
727459,94964,20090103,4.5,24,-3.0,24,9999.9,0,962.8,24,7.2,24,4.5,24,15.0,21.0,23.0*,-5.8*,99.99,999.9,001000
727459,94964,20090104,13.2,24,5.5,24,9999.9,0,960.5,24,5.2,24,8.8,24,17.1,22.0,24.8*,-5.8*,99.99,999.9,001000
727459,94964,20090105,-11.4,24,-21.7,24,9999.9,0,960.6,20,9.2,24,3.4,24,8.9,15.0,3.2*,-23.8*,99.99,999.9,001000
727459,94964,20090106,-3.9,24,-12.6,24,9999.9,0,950.2,23,9.9,24,2.8,24,14.0,17.1,21.2*,-23.8*,99.99,999.9,001000
727459,94964,20090107,13.8,24,7.9,24,9999.9,0,942.8,24,6.8,24,2.3,24,8.0,999.9,19.4*,10.4*,99.99,999.9,001000
727459,94964,20090108,0.6,24,-7.3,24,9999.9,0,953.5,24,9.0,24,4.0,24,8.9,999.9,10.4*,-7.6*,99.99,999.9,001000
727459,94964,20090109,-12.7,24,-22.6,24,9999.9,0,963.8,17,9.9,24,0.6,24,6.0,999.9,8.6*,-29.2*,0.00I,999.9,000000
727459,94964,20090110,-9.1,22,-18.4,22,9999.9,0,969.2,21,10.0,22,0.9,22,6.0,999.9,12.2*,-23.8*,0.00I,999.9,000000
727459,94964,20090111,8.6,16,-1.8,16,9999.9,0,962.4,14,10.0,16,3.2,16,8.0,999.9,15.8*,-0.4*,99.99,999.9,001000
727459,94964,20090112,5.2,24,-3.0,24,9999.9,0,963.5,24,8.0,24,3.2,24,12.0,18.1,8.6*,-2.2*,99.99,999.9,001000
727459,94964,20090113,-16.6,24,-27.4,24,9999.9,0,968.0,20,9.7,24,3.2,24,8.9,14.0,-2.2*,-34.6*,0.00I,999.9,000000
727459,94964,20090114,-23.2,22,-34.4,22,9999.9,0,969.3,19,8.9,22,3.0,22,12.0,15.9,-7.6*,-38.2*,99.99,999.9,101000
727459,94964,20090115,-19.2,24,-29.9,24,9999.9,0,976.3,24,10.0,24,6.4,24,11.1,15.9,-7.6*,-27.4*,0.00I,999.9,000000
727459,94964,20090116,-17.1,24,-29.9,24,9999.9,0,973.5,20,9.5,24,3.0,24,8.0,999.9,5.0*,-38.2*,0.00I,999.9,000000
727459,94964,20090117,3.9,23,-5.6,23,9999.9,0,954.7,23,4.5,23,5.9,23,11.1,17.1,6.8*,1.4*,99.99,999.9,001000
727459,94964,20090118,9.6,7,1.1,7,9999.9,0,957.4,7,7.0,6,2.7,7,8.0,999.9,12.2*,6.8*,99.99,999.9,001000
727459,94964,20090119,2.1,24,-5.4,24,9999.9,0,960.3,24,7.1,24,1.0,24,8.0,999.9,15.8*,-14.8*,99.99,999.9,001000
727459,94964,20090120,11.4,24,3.3,24,9999.9,0,964.2,24,9.0,24,3.4,24,8.0,999.9,19.4*,-0.4*,99.99,999.9,001000
727459,94964,20090121,17.8,24,11.1,24,9999.9,0,955.3,24,8.2,24,4.3,24,8.9,15.0,21.2*,14.0*,0.00I,999.9,000000
727459,94964,20090122,20.0,24,14.8,24,9999.9,0,955.4,24,9.0,24,4.0,24,8.9,999.9,23.0*,19.4*,0.00I,999.9,000000
727459,94964,20090123,10.6,24,3.7,24,9999.9,0,960.0,24,4.4,24,8.2,24,15.9,24.1,23.0*,-7.6*,99.99,999.9,001000
727459,94964,20090124,-10.4,24,-21.9,24,9999.9,0,971.6,24,10.0,24,7.1,24,15.9,21.0,3.2*,-20.2*,0.00I,999.9,000000
727459,94964,20090125,-10.5,24,-23.1,24,9999.9,0,967.9,23,10.0,24,6.4,24,13.0,22.0,-0.4*,-23.8*,0.00I,999.9,000000
727459,94964,20090126,-12.4,24,-23.9,24,9999.9,0,970.6,23,10.0,24,4.7,24,11.1,15.0,1.4*,-25.6*,99.99,999.9,001000
727459,94964,20090127,-10.9,24,-24.5,24,9999.9,0,970.4,22,9.9,24,2.7,24,6.0,999.9,10.4*,-29.2*,0.00I,999.9,000000
727459,94964,20090128,-0.3,24,-12.8,24,9999.9,0,956.4,24,10.0,24,4.0,24,11.1,15.9,15.8*,-16.6*,99.99,999.9,001000
727459,94964,20090129,9.8,24,-0.3,24,9999.9,0,953.1,24,5.9,24,6.5,24,13.0,19.0,12.2*,3.2*,99.99,999.9,001000
727459,94964,20090130,-9.2,24,-19.9,24,9999.9,0,960.1,20,9.8,24,3.0,24,11.1,999.9,8.6*,-27.4*,99.99,999.9,001000
727459,94964,20090131,16.6,24,10.2,24,9999.9,0,947.5,24,6.3,24,6.1,24,16.9,31.1,37.4*,8.6*,99.99,999.9,001000
727459,94964,20090201,25.5,24,12.9,24,9999.9,0,944.8,24,6.6,24,17.2,24,29.9,41.0,35.6*,17.6*,99.99,999.9,001000
727459,94964,20090202,9.2,24,0.0,24,9999.9,0,958.4,24,5.6,24,5.0,24,15.0,20.0,21.2*,-0.4*,99.99,999.9,001000
727459,94964,20090203,-2.5,24,-11.7,24,9999.9,0,973.0,24,10.0,24,3.7,24,8.9,999.9,3.2*,-9.4*,99.99,999.9,001000
727459,94964,20090204,-12.8,24,-25.0,24,9999.9,0,976.9,24,10.0,24,1.0,24,6.0,999.9,12.2*,-32.8*,0.00I,999.9,000000
727459,94964,20090205,10.8,24,-3.4,24,9999.9,0,964.0,24,10.0,24,6.0,24,12.0,15.9,24.8*,3.2*,99.99,999.9,001000
727459,94964,20090206,17.2,24,6.6,24,9999.9,0,958.6,24,9.8,24,4.4,24,11.1,15.9,39.2*,-2.2*,0.00I,999.9,000000
727459,94964,20090207,30.9,24,20.1,24,9999.9,0,950.4,17,8.2,24,5.8,24,13.0,19.0,35.6*,24.8*,0.00I,999.9,000000
727459,94964,20090208,20.0,24,8.5,24,9999.9,0,966.7,24,9.9,24,4.8,24,9.9,15.0,33.8*,6.8*,0.00I,999.9,000000
727459,94964,20090209,25.4,24,16.9,24,9999.9,0,962.3,24,9.5,24,5.0,24,15.0,20.0,35.6*,12.2*,99.99,999.9,011000
727459,94964,20090210,35.9,24,29.7,24,9999.9,0,939.6,24,6.9,24,9.1,24,14.0,19.0,37.4*,33.8*,99.99,999.9,011000
727459,94964,20090211,34.3,24,28.7,24,9999.9,0,946.5,24,6.0,24,3.3,24,9.9,14.0,35.6*,33.8*,99.99,999.9,011000
727459,94964,20090212,29.1,24,23.5,24,9999.9,0,953.2,24,4.1,24,6.7,24,11.1,15.0,33.8*,23.0*,99.99,999.9,001000
727459,94964,20090213,19.6,24,13.3,24,9999.9,0,965.8,24,5.9,24,3.3,24,7.0,999.9,23.0*,15.8*,99.99,999.9,001000
727459,94964,20090214,10.7,24,3.0,24,9999.9,0,967.7,24,4.9,24,3.1,24,8.0,999.9,19.4*,1.4*,99.99,999.9,001000
727459,94964,20090215,2.1,24,-7.2,24,9999.9,0,973.2,24,9.7,24,2.3,24,6.0,999.9,12.2*,-13.0*,99.99,999.9,001000
727459,94964,20090216,11.1,24,3.1,24,9999.9,0,968.7,24,6.7,24,3.8,24,9.9,14.0,24.8*,-5.8*,99.99,999.9,001000
727459,94964,20090217,21.0,24,14.8,24,9999.9,0,957.4,24,7.2,24,3.0,24,8.9,999.9,24.8*,19.4*,99.99,999.9,001000
727459,94964,20090218,7.9,24,-1.0,24,9999.9,0,954.3,24,8.6,24,6.2,24,14.0,21.0,21.2*,-2.2*,99.99,999.9,001000
727459,94964,20090219,-0.3,24,-10.9,24,9999.9,0,964.0,24,9.9,24,6.5,24,12.0,18.1,12.2*,-11.2*,0.00I,999.9,000000
727459,94964,20090220,-3.3,24,-16.8,24,9999.9,0,963.1,24,9.9,24,0.1,24,4.1,999.9,19.4*,-20.2*,0.00I,999.9,000000
727459,94964,20090221,5.3,24,-6.3,24,9999.9,0,962.9,24,9.7,24,1.9,24,11.1,17.1,19.4*,-7.6*,99.99,999.9,001000
727459,94964,20090222,7.0,24,-2.9,24,9999.9,0,971.3,24,10.0,24,5.6,24,11.1,17.1,14.0*,-0.4*,99.99,999.9,001000
727459,94964,20090223,-1.7,24,-13.5,24,9999.9,0,978.8,24,10.0,24,2.8,24,13.0,17.1,17.6*,-22.0*,0.00I,999.9,000000
727459,94964,20090224,17.8,24,4.1,24,9999.9,0,965.5,24,10.0,24,6.4,24,9.9,999.9,33.8*,10.4*,0.00I,999.9,000000
727459,94964,20090225,25.0,24,15.2,24,9999.9,0,958.6,24,7.3,24,5.3,24,15.9,20.0,30.2*,19.4*,99.99,999.9,001000
727459,94964,20090226,10.2,24,2.7,24,9999.9,0,967.1,24,5.2,24,3.4,24,8.9,14.0,19.4*,1.4*,99.99,999.9,001000
727459,94964,20090227,-3.6,24,-14.6,24,9999.9,0,971.6,24,9.3,24,4.8,24,8.0,15.0,6.8*,-14.8*,99.99,999.9,001000
727459,94964,20090228,-8.3,24,-21.0,24,9999.9,0,975.4,22,9.7,24,3.9,24,17.1,25.1,15.8*,-27.4*,99.99,999.9,001000
727459,94964,20090301,-0.6,24,-13.3,24,9999.9,0,980.7,24,10.0,24,3.7,24,11.1,15.9,12.2*,-18.4*,0.00I,999.9,000000
727459,94964,20090302,-5.6,24,-21.9,24,9999.9,0,979.7,21,9.9,24,0.8,24,7.0,999.9,21.2*,-29.2*,0.00I,999.9,000000
727459,94964,20090303,18.0,17,-5.6,17,9999.9,0,972.5,16,10.0,17,7.0,17,12.0,15.9,28.4*,-2.2*,0.00I,999.9,000000
727459,94964,20090304,22.7,24,6.6,24,9999.9,0,964.2,24,10.0,24,5.9,24,12.0,15.9,37.4*,12.2*,0.00I,999.9,000000
727459,94964,20090305,34.0,24,19.4,24,9999.9,0,952.4,24,10.0,24,4.1,24,13.0,17.1,46.4*,23.0*,99.99,999.9,010000
727459,94964,20090306,34.2,24,25.0,24,9999.9,0,951.8,24,6.8,24,6.1,24,15.9,21.0,42.8*,26.6*,99.99,999.9,001000
727459,94964,20090307,24.5,24,10.2,24,9999.9,0,961.5,24,9.7,24,6.3,24,13.0,18.1,35.6*,19.4*,99.99,999.9,001000
727459,94964,20090308,11.3,24,-1.1,24,9999.9,0,962.6,24,10.0,24,2.5,24,11.1,14.0,28.4*,-5.8*,0.00I,999.9,000000
727459,94964,20090309,24.3,24,13.3,24,9999.9,0,963.7,24,10.0,24,3.5,24,9.9,999.9,37.4*,12.2*,99.99,999.9,001000
727459,94964,20090310,27.7,24,20.0,24,9999.9,0,960.5,24,8.4,24,5.5,24,12.0,22.0,32.0*,17.6*,99.99,999.9,001000
727459,94964,20090311,3.0,24,-7.6,24,9999.9,0,962.4,24,6.1,21,12.1,24,19.0,28.9,15.8*,-5.8*,99.99,999.9,001000
727459,94964,20090312,-5.4,24,-19.5,24,9999.9,0,979.4,24,10.0,24,6.3,24,13.0,19.0,14.0*,-20.2*,0.00I,999.9,000000
727459,94964,20090313,11.6,24,-3.9,24,9999.9,0,969.8,24,8.9,24,7.1,24,15.0,24.1,35.6*,1.4*,99.99,999.9,001000
727459,94964,20090314,34.1,24,11.7,24,9999.9,0,959.7,24,10.0,24,8.5,24,14.0,20.0,51.8*,24.8*,0.00I,999.9,000000
727459,94964,20090315,40.8,24,23.2,24,9999.9,0,958.4,24,9.8,24,6.5,24,12.0,20.0,55.4*,26.6*,0.00I,999.9,000000
727459,94964,20090316,45.6,24,28.9,24,9999.9,0,959.9,24,10.0,24,8.7,24,13.0,20.0,57.2*,37.4*,0.00I,999.9,000000
727459,94964,20090317,40.2,24,25.8,24,9999.9,0,958.6,24,8.3,24,5.5,24,18.1,28.0,53.6*,28.4*,0.00I,999.9,000000
727459,94964,20090318,30.0,24,13.8,24,9999.9,0,964.3,24,10.0,24,11.1,24,19.0,28.0,42.8*,21.2*,0.00I,999.9,000000
727459,94964,20090319,17.1,22,-0.6,22,9999.9,0,975.1,21,10.0,22,3.9,22,11.1,20.0,28.4*,6.8*,0.00I,999.9,000000
727459,94964,20090320,21.1,24,8.1,24,9999.9,0,972.6,24,8.6,24,4.0,24,11.1,15.9,32.0*,8.6*,99.99,999.9,001000
727459,94964,20090321,32.5,24,26.4,24,9999.9,0,969.9,24,4.4,24,2.7,24,6.0,999.9,39.2*,28.4*,99.99,999.9,101000
727459,94964,20090322,33.1,24,20.2,24,9999.9,0,975.0,24,10.0,24,9.3,24,19.0,27.0,37.4*,28.4*,0.00I,999.9,000000
727459,94964,20090323,31.0,24,20.9,24,9999.9,0,965.3,24,8.0,24,9.6,24,18.1,25.1,33.8*,28.4*,99.99,999.9,011000
727459,94964,20090324,34.9,24,28.1,24,9999.9,0,956.2,24,8.6,24,8.3,24,15.0,22.9,35.6*,33.8*,99.99,999.9,011000
727459,94964,20090325,34.8,24,29.2,24,9999.9,0,944.2,24,6.7,24,7.7,24,13.0,20.0,37.4*,28.4*,99.99,999.9,011000
727459,94964,20090326,21.6,24,12.3,24,9999.9,0,952.2,24,8.0,24,8.8,24,13.0,20.0,28.4*,17.6*,99.99,999.9,001000
727459,94964,20090327,18.2,24,9.0,24,9999.9,0,963.1,24,6.8,24,4.2,24,7.0,999.9,21.2*,14.0*,99.99,999.9,001000
727459,94964,20090328,13.3,24,3.0,24,9999.9,0,963.8,24,9.5,24,0.4,24,6.0,999.9,30.2*,-2.2*,99.99,999.9,001000
727459,94964,20090329,20.4,24,6.2,24,9999.9,0,956.9,24,9.9,24,3.0,24,9.9,15.9,35.6*,3.2*,0.00I,999.9,000000
727459,94964,20090330,23.8,24,6.6,24,9999.9,0,962.1,24,10.0,24,1.3,24,5.1,999.9,35.6*,6.8*,0.00I,999.9,000000
727459,94964,20090331,30.1,24,15.6,24,9999.9,0,957.0,23,7.2,24,9.6,24,18.1,27.0,35.6*,28.4*,99.99,999.9,001000
727459,94964,20090401,31.6,24,26.0,24,9999.9,0,940.8,24,4.1,24,4.8,24,9.9,18.1,35.6*,30.2*,99.99,999.9,011000
727459,94964,20090402,30.0,24,22.8,24,9999.9,0,950.0,24,7.2,24,7.2,24,9.9,14.0,33.8*,26.6*,99.99,999.9,001000
727459,94964,20090403,31.6,24,24.0,24,9999.9,0,954.8,24,9.4,24,2.1,24,8.9,999.9,37.4*,28.4*,99.99,999.9,001000
727459,94964,20090404,32.6,24,22.0,24,9999.9,0,963.2,24,9.9,24,4.0,24,8.9,999.9,37.4*,26.6*,99.99,999.9,001000
727459,94964,20090405,28.8,24,13.6,24,9999.9,0,967.0,24,10.0,24,3.8,24,12.0,20.0,35.6*,21.2*,0.00I,999.9,000000
727459,94964,20090406,27.8,24,8.4,24,9999.9,0,967.2,24,10.0,24,7.3,24,14.0,28.0,37.4*,19.4*,0.00I,999.9,000000
727459,94964,20090407,30.6,24,4.7,24,9999.9,0,960.4,24,10.0,24,7.1,24,14.0,21.0,42.8*,17.6*,0.00I,999.9,000000
727459,94964,20090408,33.6,24,10.5,24,9999.9,0,952.2,24,10.0,24,6.6,24,17.1,24.1,44.6*,21.2*,0.00I,999.9,000000
727459,94964,20090409,34.6,24,18.4,24,9999.9,0,957.6,24,10.0,24,6.4,24,11.1,18.1,41.0*,28.4*,0.00I,999.9,000000
727459,94964,20090410,31.2,24,11.6,24,9999.9,0,967.0,24,10.0,24,2.9,24,11.1,17.1,44.6*,15.8*,0.00I,999.9,000000
727459,94964,20090411,32.8,24,8.8,24,9999.9,0,972.5,24,10.0,24,0.7,24,6.0,999.9,51.8*,15.8*,0.00I,999.9,000000
727459,94964,20090412,39.7,24,13.2,24,9999.9,0,971.8,24,10.0,24,4.8,24,12.0,15.9,57.2*,19.4*,0.00I,999.9,000000
727459,94964,20090413,41.7,24,12.9,24,9999.9,0,965.7,24,10.0,24,4.5,24,12.0,15.9,51.8*,30.2*,0.00I,999.9,000000
727459,94964,20090414,41.5,24,12.4,24,9999.9,0,964.4,24,10.0,24,3.0,24,11.1,15.9,57.2*,30.2*,0.00I,999.9,000000
727459,94964,20090415,39.9,24,12.6,24,9999.9,0,968.7,13,10.0,24,3.3,24,11.1,15.9,59.0*,21.2*,0.00I,999.9,000000
727459,94964,20090416,45.5,24,15.4,24,9999.9,0,974.0,24,10.0,24,4.1,24,12.0,17.1,66.2*,24.8*,0.00I,999.9,000000
727459,94964,20090417,56.3,24,27.0,24,9999.9,0,970.9,24,10.0,24,6.3,24,14.0,24.1,69.8*,42.8*,0.00I,999.9,000000
727459,94964,20090418,44.6,24,33.7,24,9999.9,0,967.6,24,9.8,24,5.1,24,9.9,14.0,62.6*,37.4*,99.99,999.9,010000
727459,94964,20090419,35.6,24,28.7,24,9999.9,0,966.6,24,9.3,24,3.5,24,7.0,999.9,37.4*,33.8*,99.99,999.9,010000
727459,94964,20090420,33.2,24,26.3,24,9999.9,0,958.5,24,9.1,24,4.2,24,12.0,21.0,37.4*,30.2*,99.99,999.9,011000
727459,94964,20090421,38.8,24,23.7,24,9999.9,0,954.8,24,10.0,24,10.8,24,17.1,28.0,51.8*,33.8*,99.99,999.9,010000
727459,94964,20090422,38.8,24,21.2,24,9999.9,0,956.5,24,10.0,24,5.0,24,11.1,17.1,50.0*,28.4*,0.00I,999.9,000000
727459,94964,20090423,47.7,24,22.8,24,9999.9,0,956.1,24,10.0,24,9.0,24,17.1,22.0,69.8*,35.6*,0.00I,999.9,000000
727459,94964,20090424,50.5,24,35.0,24,9999.9,0,950.6,24,10.0,24,6.2,24,13.0,19.0,66.2*,35.6*,99.99,999.9,010000
727459,94964,20090425,36.5,24,24.3,24,9999.9,0,962.7,24,9.3,24,2.6,24,7.0,999.9,50.0*,30.2*,99.99,999.9,011000
727459,94964,20090426,35.1,24,18.7,24,9999.9,0,967.5,24,9.1,24,5.7,24,15.0,22.9,48.2*,21.2*,99.99,999.9,010000
727459,94964,20090427,36.1,24,29.2,24,9999.9,0,957.9,24,5.4,24,6.3,24,15.9,22.9,44.6*,33.8*,99.99,999.9,011010
727459,94964,20090428,40.7,24,25.5,24,9999.9,0,976.0,24,9.9,24,3.2,24,12.0,14.0,55.4*,26.6*,0.00I,999.9,000000
727459,94964,20090429,43.2,24,18.3,24,9999.9,0,975.3,24,10.0,24,6.3,24,14.0,18.1,55.4*,28.4*,99.99,999.9,010000
727459,94964,20090430,45.4,24,38.1,24,9999.9,0,959.0,24,7.4,24,7.3,24,19.0,27.0,59.0*,39.2*,99.99,999.9,010000
727459,94964,20090501,40.3,24,26.8,24,9999.9,0,958.3,24,10.0,24,10.2,24,22.0,28.0,48.2*,33.8*,99.99,999.9,010000
727459,94964,20090502,39.9,24,24.3,24,9999.9,0,957.0,24,10.0,24,8.6,24,19.0,28.9,51.8*,32.0*,99.99,999.9,011000
727459,94964,20090503,44.5,24,20.8,24,9999.9,0,957.0,24,10.0,24,8.0,24,17.1,25.1,57.2*,28.4*,0.00I,999.9,000000
727459,94964,20090504,44.8,24,21.7,24,9999.9,0,963.1,24,10.0,24,3.4,24,14.0,22.0,64.4*,26.6*,0.00I,999.9,000000
727459,94964,20090505,51.3,24,30.9,24,9999.9,0,957.2,24,9.9,24,7.7,24,20.0,31.1,62.6*,44.6*,99.99,999.9,010010
727459,94964,20090506,54.9,24,41.7,24,9999.9,0,951.0,24,9.8,24,4.1,24,12.0,18.1,71.6*,46.4*,99.99,999.9,010000
727459,94964,20090507,56.2,24,35.6,24,9999.9,0,949.0,24,10.0,24,7.6,24,21.0,31.1,66.2*,37.4*,99.99,999.9,010010
727459,94964,20090508,44.9,24,34.1,24,9999.9,0,953.8,24,10.0,24,6.6,24,13.0,20.0,53.6*,41.0*,0.00I,999.9,000000
727459,94964,20090509,37.8,24,27.9,24,9999.9,0,960.7,24,9.1,24,4.7,24,8.9,14.0,44.6*,33.8*,99.99,999.9,011000
727459,94964,20090510,42.1,24,23.8,24,9999.9,0,966.6,24,10.0,24,3.0,24,9.9,15.9,55.4*,30.2*,0.00I,999.9,000000
727459,94964,20090511,45.3,24,20.4,24,9999.9,0,967.3,24,10.0,24,2.0,24,8.9,14.0,60.8*,28.4*,0.00I,999.9,000000
727459,94964,20090512,49.9,24,31.7,24,9999.9,0,961.8,23,10.0,24,6.0,24,15.9,20.0,60.8*,41.0*,99.99,999.9,010000
727459,94964,20090513,57.7,24,41.5,24,9999.9,0,947.4,23,9.8,24,13.1,24,22.0,34.0,71.6*,48.2*,99.99,999.9,010000
727459,94964,20090514,40.3,24,27.5,24,9999.9,0,953.5,24,9.0,24,12.6,24,18.1,28.0,66.2*,28.4*,99.99,999.9,011000
727459,94964,20090515,43.0,24,29.1,24,9999.9,0,962.2,24,10.0,24,7.4,24,18.1,22.9,62.6*,30.2*,99.99,999.9,010000
727459,94964,20090516,37.8,24,24.7,24,9999.9,0,960.1,24,8.9,24,14.7,24,25.1,36.9,50.0*,30.2*,99.99,999.9,011000
727459,94964,20090517,44.8,24,20.4,24,9999.9,0,969.5,24,10.0,24,6.2,24,17.1,27.0,62.6*,28.4*,0.00I,999.9,000000
727459,94964,20090518,58.0,24,28.0,24,9999.9,0,962.8,24,10.0,24,9.7,24,18.1,27.0,73.4*,48.2*,99.99,999.9,010000
727459,94964,20090519,46.8,24,28.1,24,9999.9,0,967.1,24,10.0,24,7.4,24,15.0,17.1,62.6*,39.2*,99.99,999.9,010000
727459,94964,20090520,57.5,24,34.9,24,9999.9,0,955.5,24,10.0,24,10.7,24,20.0,32.1,86.0*,37.4*,99.99,999.9,010000
727459,94964,20090521,57.2,24,40.0,24,9999.9,0,961.4,24,9.8,24,8.2,24,17.1,27.0,78.8*,46.4*,99.99,999.9,010010
727459,94964,20090522,49.8,24,23.9,24,9999.9,0,970.6,24,10.0,24,4.5,24,11.1,19.0,68.0*,28.4*,0.00I,999.9,000000
727459,94964,20090523,52.4,24,32.5,24,9999.9,0,967.0,24,10.0,24,5.7,24,11.1,18.1,66.2*,42.8*,99.99,999.9,010000
727459,94964,20090524,49.3,24,23.7,24,9999.9,0,968.9,24,10.0,24,1.9,24,8.0,999.9,66.2*,28.4*,0.00I,999.9,000000
727459,94964,20090525,52.2,24,24.5,24,9999.9,0,967.6,24,10.0,24,5.9,24,18.1,24.1,64.4*,39.2*,0.00I,999.9,000000
727459,94964,20090526,51.3,24,32.1,24,9999.9,0,959.8,24,8.2,24,6.4,24,17.1,26.0,55.4*,46.4*,99.99,999.9,010000
727459,94964,20090527,47.8,24,39.0,24,9999.9,0,962.2,24,9.0,24,5.6,24,8.9,15.0,59.0*,42.8*,99.99,999.9,010000
727459,94964,20090528,52.5,24,37.0,24,9999.9,0,957.5,24,9.6,24,4.4,24,18.1,27.0,73.4*,32.0*,0.00I,999.9,000000
727459,94964,20090529,54.5,24,31.8,24,9999.9,0,959.6,24,10.0,24,7.6,24,15.0,22.9,68.0*,41.0*,99.99,999.9,010000
727459,94964,20090530,47.8,24,30.6,24,9999.9,0,956.8,24,9.8,24,7.7,24,15.9,26.0,55.4*,42.8*,99.99,999.9,010000
727459,94964,20090531,40.2,24,27.0,24,9999.9,0,959.4,24,10.0,24,4.9,24,13.0,20.0,51.8*,28.4*,99.99,999.9,010000
727459,94964,20090601,45.4,24,33.6,24,9999.9,0,959.9,24,10.0,24,3.9,24,8.0,999.9,60.8*,39.2*,0.00I,999.9,000000
727459,94964,20090602,50.3,24,35.0,24,9999.9,0,966.1,24,10.0,24,6.8,24,17.1,24.1,60.8*,41.0*,99.99,999.9,010000
727459,94964,20090603,48.0,24,27.3,24,9999.9,0,970.5,24,10.0,24,3.8,24,13.0,20.0,66.2*,28.4*,0.00I,999.9,000000
727459,94964,20090604,58.8,24,32.4,24,9999.9,0,961.7,24,10.0,24,6.7,24,17.1,25.1,73.4*,46.4*,0.00I,999.9,000000
727459,94964,20090605,52.1,24,38.7,24,9999.9,0,957.3,24,10.0,24,8.5,24,17.1,25.1,69.8*,44.6*,99.99,999.9,010000
727459,94964,20090606,43.8,24,29.2,24,9999.9,0,962.9,16,10.0,24,2.4,24,9.9,999.9,53.6*,28.4*,0.00I,999.9,000000
727459,94964,20090607,50.2,24,31.2,24,9999.9,0,964.5,24,10.0,24,4.7,24,13.0,18.1,59.0*,42.8*,99.99,999.9,010000
727459,94964,20090608,48.7,24,32.6,24,9999.9,0,962.5,24,9.9,24,7.7,24,15.9,21.0,55.4*,44.6*,99.99,999.9,010000
727459,94964,20090609,48.3,24,39.4,24,9999.9,0,960.8,24,8.8,24,2.6,24,8.0,999.9,59.0*,44.6*,99.99,999.9,010000
727459,94964,20090610,53.5,24,39.6,24,9999.9,0,960.8,24,9.9,24,3.0,24,9.9,18.1,62.6*,44.6*,99.99,999.9,010000
727459,94964,20090611,54.7,20,36.5,20,9999.9,0,961.1,20,10.0,20,1.7,20,13.0,15.0,62.6*,41.0*,99.99,999.9,010000
727459,94964,20090612,50.5,24,39.0,24,9999.9,0,961.7,24,9.8,24,2.4,24,15.0,28.0,66.2*,35.6*,99.99,999.9,010000
727459,94964,20090613,59.8,24,45.1,24,9999.9,0,960.9,24,10.0,24,5.8,24,12.0,19.0,71.6*,50.0*,99.99,999.9,010010
727459,94964,20090614,60.9,24,39.4,24,9999.9,0,962.6,24,9.7,24,2.3,24,7.0,999.9,75.2*,42.8*,99.99,999.9,010000
727459,94964,20090615,63.7,24,38.1,24,9999.9,0,963.9,24,10.0,24,3.8,24,11.1,15.0,80.6*,41.0*,0.00I,999.9,000000
727459,94964,20090616,64.0,24,44.0,24,9999.9,0,962.7,24,10.0,24,3.3,24,12.0,15.9,77.0*,44.6*,0.00I,999.9,000000
727459,94964,20090617,63.1,24,46.4,24,9999.9,0,961.1,22,9.4,24,2.8,24,12.0,17.1,77.0*,46.4*,0.00I,999.9,000000
727459,94964,20090618,66.3,24,50.4,24,9999.9,0,953.8,10,10.0,24,4.0,24,11.1,14.0,77.0*,51.8*,0.00I,999.9,000000
727459,94964,20090619,67.3,24,56.3,24,9999.9,0,950.5,24,9.1,24,3.9,24,9.9,19.0,78.8*,57.2*,99.99,999.9,010000
727459,94964,20090620,68.3,24,53.5,24,9999.9,0,953.5,24,10.0,24,5.7,24,12.0,20.0,80.6*,57.2*,99.99,999.9,010000
727459,94964,20090621,66.9,24,48.3,24,9999.9,0,959.1,24,10.0,24,3.7,24,13.0,20.0,82.4*,48.2*,0.00I,999.9,000000
727459,94964,20090622,66.5,24,56.8,24,9999.9,0,956.5,24,9.5,24,5.9,24,9.9,15.0,73.4*,60.8*,99.99,999.9,010010
727459,94964,20090623,72.1,24,59.4,24,9999.9,0,958.6,24,8.1,24,1.6,24,8.9,17.1,84.2*,62.6*,99.99,999.9,110000
727459,94964,20090624,71.0,24,53.8,24,9999.9,0,960.2,24,9.1,24,4.6,24,12.0,17.1,80.6*,55.4*,0.00I,999.9,000000
727459,94964,20090625,68.2,24,49.4,24,9999.9,0,958.7,24,10.0,24,4.9,24,15.0,22.9,78.8*,55.4*,0.00I,999.9,000000
727459,94964,20090626,65.7,24,45.9,24,9999.9,0,960.7,24,10.0,24,1.4,24,8.0,14.0,82.4*,46.4*,0.00I,999.9,000000
727459,94964,20090627,67.0,24,51.4,24,9999.9,0,954.8,24,9.6,24,8.1,24,17.1,25.1,82.4*,60.8*,99.99,999.9,010000
727459,94964,20090628,59.2,24,48.4,24,9999.9,0,948.4,24,8.9,24,13.1,24,22.9,35.9,68.0*,55.4*,99.99,999.9,010000
727459,94964,20090629,55.2,24,47.6,24,9999.9,0,950.9,24,7.5,24,11.5,24,17.1,28.0,59.0*,53.6*,99.99,999.9,010000
727459,94964,20090630,49.7,24,43.8,24,9999.9,0,955.8,24,6.1,24,8.1,24,13.0,22.0,53.6*,48.2*,99.99,999.9,010000
727459,94964,20090701,51.7,24,43.8,24,9999.9,0,958.9,24,8.8,24,5.6,24,8.9,15.0,62.6*,46.4*,99.99,999.9,010000
727459,94964,20090702,56.8,24,47.8,24,9999.9,0,963.4,24,9.5,24,4.2,24,8.9,14.0,64.4*,51.8*,99.99,999.9,010000
727459,94964,20090703,59.1,24,46.9,24,9999.9,0,966.5,23,9.3,24,1.9,24,8.0,999.9,71.6*,48.2*,0.00I,999.9,000000
727459,94964,20090704,59.6,24,40.4,24,9999.9,0,965.4,24,10.0,24,2.3,24,11.1,18.1,73.4*,39.2*,0.00I,999.9,000000
727459,94964,20090705,60.6,24,42.0,24,9999.9,0,962.9,24,10.0,24,5.3,24,18.1,24.1,71.6*,42.8*,0.00I,999.9,000000
727459,94964,20090706,59.2,24,39.2,24,9999.9,0,961.2,23,10.0,24,6.3,24,14.0,23.9,71.6*,41.0*,0.00I,999.9,000000
727459,94964,20090707,57.7,24,40.6,24,9999.9,0,961.4,24,10.0,24,2.0,24,7.0,999.9,69.8*,41.0*,0.00I,999.9,000000
727459,94964,20090708,57.5,24,40.9,24,9999.9,0,963.9,24,9.9,24,2.4,24,9.9,999.9,75.2*,37.4*,0.00I,999.9,000000
727459,94964,20090709,60.8,24,46.2,24,9999.9,0,962.9,24,10.0,24,7.4,24,20.0,27.0,77.0*,42.8*,99.99,999.9,010000
727459,94964,20090710,68.3,24,56.9,24,9999.9,0,959.8,24,9.8,24,7.6,24,17.1,24.1,75.2*,62.6*,0.00I,999.9,000000
727459,94964,20090711,58.5,24,44.1,24,9999.9,0,964.2,24,9.9,24,9.2,24,18.1,34.0,71.6*,46.4*,99.99,999.9,010000
727459,94964,20090712,57.0,24,38.1,24,9999.9,0,966.5,24,10.0,24,6.6,24,14.0,22.0,69.8*,42.8*,0.00I,999.9,000000
727459,94964,20090713,59.2,24,39.9,24,9999.9,0,967.3,24,10.0,24,4.2,24,11.1,17.1,73.4*,41.0*,0.00I,999.9,000000
727459,94964,20090714,58.5,24,45.3,24,9999.9,0,963.8,24,10.0,24,5.0,24,15.0,18.1,73.4*,44.6*,99.99,999.9,010000
727459,94964,20090715,60.7,24,56.3,24,9999.9,0,954.1,24,9.5,24,10.3,24,22.0,35.0,62.6*,59.0*,99.99,999.9,010010
727459,94964,20090716,53.2,24,48.0,24,9999.9,0,956.9,24,8.1,24,10.4,24,15.9,24.1,59.0*,48.2*,99.99,999.9,010000
727459,94964,20090717,51.5,24,48.7,24,9999.9,0,959.1,24,8.4,24,6.7,24,11.1,17.1,57.2*,48.2*,99.99,999.9,010000
727459,94964,20090718,53.9,24,48.1,24,9999.9,0,965.5,24,9.1,24,5.5,24,9.9,15.9,60.8*,50.0*,99.99,999.9,010000
727459,94964,20090719,55.8,24,46.0,24,9999.9,0,967.2,24,9.3,24,1.2,24,6.0,999.9,73.4*,39.2*,0.00I,999.9,000000
727459,94964,20090720,61.4,24,48.8,24,9999.9,0,963.9,24,10.0,24,5.4,24,15.0,19.0,73.4*,42.8*,99.99,999.9,010000
727459,94964,20090721,63.0,24,57.2,24,9999.9,0,960.7,24,9.8,24,3.5,24,11.1,15.0,68.0*,60.8*,99.99,999.9,010000
727459,94964,20090722,60.8,24,54.1,24,9999.9,0,962.0,23,8.7,24,1.7,24,14.0,19.0,73.4*,51.8*,99.99,999.9,110010
727459,94964,20090723,62.1,24,51.4,24,9999.9,0,961.9,24,9.3,24,1.7,24,7.0,999.9,75.2*,46.4*,0.00I,999.9,000000
727459,94964,20090724,65.7,24,56.8,24,9999.9,0,954.3,24,9.9,24,7.1,24,15.9,21.0,71.6*,60.8*,99.99,999.9,010010
727459,94964,20090725,62.2,24,57.6,24,9999.9,0,953.7,24,9.3,24,7.4,24,15.0,21.0,69.8*,59.0*,99.99,999.9,010000
727459,94964,20090726,64.8,24,56.8,24,9999.9,0,958.9,24,10.0,24,4.9,24,9.9,17.1,75.2*,57.2*,99.99,999.9,010000
727459,94964,20090727,65.0,24,57.6,24,9999.9,0,957.0,24,9.5,24,3.2,24,14.0,21.0,73.4*,57.2*,99.99,999.9,010010
727459,94964,20090728,58.1,24,53.0,24,9999.9,0,954.1,24,9.0,24,8.6,24,18.1,27.0,69.8*,53.6*,99.99,999.9,010000
727459,94964,20090729,57.2,24,49.7,24,9999.9,0,956.6,24,10.0,24,5.4,24,11.1,15.9,66.2*,48.2*,0.00I,999.9,000000
727459,94964,20090730,57.7,24,53.4,24,9999.9,0,956.6,24,9.5,24,2.8,24,6.0,999.9,64.4*,51.8*,99.99,999.9,010010
727459,94964,20090731,57.7,24,52.5,24,9999.9,0,958.3,24,7.2,24,3.4,24,12.0,20.0,69.8*,48.2*,99.99,999.9,110000
727459,94964,20090801,58.2,24,52.9,24,9999.9,0,951.2,24,9.1,24,11.4,24,22.9,33.0,66.2*,53.6*,99.99,999.9,010000
727459,94964,20090802,55.2,24,46.7,24,9999.9,0,955.7,24,10.0,24,6.6,24,14.0,22.0,66.2*,44.6*,99.99,999.9,010000
727459,94964,20090803,61.2,24,54.6,24,9999.9,0,953.1,24,9.7,24,2.8,24,18.1,22.0,73.4*,50.0*,0.00I,999.9,000000
727459,94964,20090804,59.5,24,47.9,24,9999.9,0,958.7,24,10.0,24,8.4,24,15.9,25.1,69.8*,46.4*,0.00I,999.9,000000
727459,94964,20090805,56.6,24,46.8,24,9999.9,0,965.2,24,10.0,24,5.1,24,14.0,18.1,68.0*,42.8*,0.00I,999.9,000000
727459,94964,20090806,56.8,24,48.4,24,9999.9,0,966.8,24,9.2,24,2.4,24,8.9,999.9,69.8*,44.6*,99.99,999.9,010000
727459,94964,20090807,64.0,18,50.8,18,9999.9,0,964.7,18,10.0,18,5.0,18,13.0,17.1,73.4*,48.2*,0.00I,999.9,000000
727459,94964,20090808,64.0,24,58.5,24,9999.9,0,959.0,24,10.0,24,4.9,24,9.9,999.9,75.2*,57.2*,99.99,999.9,010000
727459,94964,20090809,66.4,24,61.8,24,9999.9,0,958.4,24,8.3,24,4.3,24,11.1,15.9,69.8*,62.6*,99.99,999.9,010000
727459,94964,20090810,63.1,24,56.9,24,9999.9,0,961.3,24,9.1,24,4.7,24,13.0,15.9,73.4*,53.6*,99.99,999.9,010000
727459,94964,20090811,62.8,24,52.2,24,9999.9,0,965.0,24,9.8,24,2.1,24,8.0,999.9,78.8*,46.4*,0.00I,999.9,000000
727459,94964,20090812,69.0,24,56.7,24,9999.9,0,963.9,24,9.9,24,4.8,24,15.9,21.0,86.0*,53.6*,0.00I,999.9,000000
727459,94964,20090813,76.8,22,63.7,22,9999.9,0,962.8,22,9.9,22,5.4,22,11.1,14.0,86.0*,64.4*,0.00I,999.9,000000
727459,94964,20090814,72.7,24,62.2,24,9999.9,0,962.3,24,9.3,24,3.8,24,8.9,15.0,84.2*,59.0*,0.00I,999.9,000000
727459,94964,20090815,73.1,24,64.6,24,9999.9,0,960.2,24,9.7,24,6.6,24,14.0,20.0,80.6*,64.4*,99.99,999.9,010010
727459,94964,20090816,68.8,24,64.6,24,9999.9,0,954.7,24,8.7,24,7.3,24,17.1,22.9,77.0*,66.2*,99.99,999.9,010000
727459,94964,20090817,63.4,24,53.4,24,9999.9,0,958.9,24,9.8,24,7.6,24,17.1,26.0,75.2*,53.6*,99.99,999.9,010000
727459,94964,20090818,56.6,24,49.2,24,9999.9,0,958.4,24,9.8,24,8.5,24,14.0,22.9,66.2*,53.6*,99.99,999.9,010000
727459,94964,20090819,53.9,24,49.5,24,9999.9,0,956.9,24,10.0,23,2.2,24,12.0,999.9,66.2*,41.0*,99.99,999.9,010000
727459,94964,20090820,58.6,24,55.9,24,9999.9,0,947.5,24,8.0,24,6.2,24,18.1,28.0,62.6*,55.4*,99.99,999.9,010000
727459,94964,20090821,57.8,24,50.2,24,9999.9,0,954.6,24,9.9,24,7.4,24,15.0,22.9,64.4*,55.4*,99.99,999.9,010000
727459,94964,20090822,54.7,24,43.2,24,9999.9,0,965.8,24,10.0,24,2.3,24,7.0,999.9,68.0*,39.2*,0.00I,999.9,000000
727459,94964,20090823,57.7,24,46.4,24,9999.9,0,965.3,24,10.0,24,3.6,24,9.9,15.9,73.4*,42.8*,0.00I,999.9,000000
727459,94964,20090824,66.8,24,57.7,24,9999.9,0,961.9,24,10.0,24,5.8,24,15.9,22.9,77.0*,55.4*,0.00I,999.9,000000
727459,94964,20090825,66.8,24,56.4,24,9999.9,0,959.4,24,9.9,24,8.7,24,13.0,21.0,71.6*,59.0*,99.99,999.9,010000
727459,94964,20090826,59.5,24,48.5,24,9999.9,0,967.7,22,10.0,24,0.7,24,6.0,999.9,75.2*,42.8*,0.00I,999.9,000000
727459,94964,20090827,66.8,17,54.1,17,9999.9,0,967.6,17,10.0,17,2.7,17,11.1,15.0,75.2*,53.6*,99.99,999.9,010000
727459,94964,20090828,57.4,24,55.3,24,9999.9,0,964.8,24,7.9,24,3.0,24,8.9,15.9,64.4*,50.0*,99.99,999.9,010000
727459,94964,20090829,50.2,24,44.4,24,9999.9,0,965.9,24,10.0,24,4.2,24,11.1,15.9,59.0*,44.6*,0.00I,999.9,000000
727459,94964,20090830,47.4,24,37.9,24,9999.9,0,970.6,24,8.4,24,0.7,24,8.0,999.9,64.4*,32.0*,0.00I,999.9,100000
727459,94964,20090831,52.9,24,42.7,24,9999.9,0,970.7,24,10.0,24,2.3,24,8.9,999.9,69.8*,39.2*,0.00I,999.9,000000
727459,94964,20090901,57.1,24,46.9,24,9999.9,0,970.9,24,10.0,24,3.1,24,9.9,15.9,71.6*,39.2*,0.00I,999.9,000000
727459,94964,20090902,57.5,24,48.0,24,9999.9,0,969.9,24,9.7,24,2.5,24,8.9,999.9,71.6*,41.0*,0.00I,999.9,000000
727459,94964,20090903,58.5,24,50.8,24,9999.9,0,968.9,24,8.8,24,0.9,24,7.0,999.9,75.2*,41.0*,0.00I,999.9,000000
727459,94964,20090904,61.5,24,53.4,24,9999.9,0,968.3,24,8.7,24,0.3,24,6.0,999.9,77.0*,46.4*,0.00I,999.9,000000
727459,94964,20090905,62.9,24,52.4,24,9999.9,0,969.4,24,9.3,24,3.0,24,9.9,15.0,75.2*,48.2*,0.00I,999.9,000000
727459,94964,20090906,65.8,24,55.0,24,9999.9,0,968.9,24,10.0,24,5.3,24,12.0,15.9,78.8*,57.2*,0.00I,999.9,000000
727459,94964,20090907,65.2,24,55.0,24,9999.9,0,967.9,24,8.4,24,2.0,24,8.9,999.9,77.0*,53.6*,0.00I,999.9,000000
727459,94964,20090908,62.8,24,52.6,24,9999.9,0,966.3,24,9.1,24,5.1,24,14.0,24.1,75.2*,48.2*,0.00I,999.9,000000
727459,94964,20090909,64.2,24,57.4,24,9999.9,0,966.5,24,9.3,24,4.5,24,11.1,15.9,69.8*,59.0*,99.99,999.9,010010
727459,94964,20090910,63.5,24,58.9,24,9999.9,0,969.3,24,4.1,24,1.9,24,8.9,14.0,77.0*,51.8*,0.00I,999.9,100000
727459,94964,20090911,67.4,24,60.6,24,9999.9,0,968.6,24,8.0,24,4.6,24,11.1,18.1,78.8*,55.4*,99.99,999.9,010000
727459,94964,20090912,65.6,24,59.1,24,9999.9,0,968.5,24,6.5,24,3.0,24,8.9,999.9,78.8*,55.4*,99.99,999.9,110000
727459,94964,20090913,63.9,24,57.9,24,9999.9,0,968.5,24,6.7,24,1.3,24,8.0,999.9,78.8*,51.8*,0.00I,999.9,100000
727459,94964,20090914,63.3,24,55.8,24,9999.9,0,966.4,24,7.3,24,0.7,24,6.0,999.9,77.0*,50.0*,0.00I,999.9,100000
727459,94964,20090915,62.1,24,52.9,24,9999.9,0,968.0,24,9.9,24,1.1,24,7.0,999.9,77.0*,46.4*,0.00I,999.9,000000
727459,94964,20090916,58.9,24,51.1,24,9999.9,0,973.2,24,10.0,24,6.5,24,11.1,999.9,71.6*,46.4*,0.00I,999.9,000000
727459,94964,20090917,63.0,24,54.7,24,9999.9,0,968.8,24,10.0,24,5.2,24,11.1,18.1,75.2*,55.4*,0.00I,999.9,000000
727459,94964,20090918,56.3,24,50.4,24,9999.9,0,970.5,24,6.8,24,2.2,24,8.9,999.9,66.2*,42.8*,0.00I,999.9,100000
727459,94964,20090919,59.4,24,50.7,24,9999.9,0,969.6,24,10.0,24,3.7,24,8.9,15.0,80.6*,44.6*,0.00I,999.9,000000
727459,94964,20090920,66.2,24,57.8,24,9999.9,0,965.0,24,9.0,24,4.5,24,13.0,18.1,75.2*,53.6*,0.00I,999.9,000000
727459,94964,20090921,63.7,24,54.4,24,9999.9,0,959.8,24,10.0,24,4.0,24,9.9,14.0,75.2*,53.6*,0.00I,999.9,000000
727459,94964,20090922,63.2,24,57.1,24,9999.9,0,962.6,24,9.9,24,2.2,24,6.0,999.9,71.6*,55.4*,99.99,999.9,010000
727459,94964,20090923,56.5,24,48.4,24,9999.9,0,967.9,24,7.5,24,2.6,24,8.0,999.9,69.8*,39.2*,0.00I,999.9,100000
727459,94964,20090924,55.0,24,44.2,24,9999.9,0,969.0,24,9.8,24,1.9,24,9.9,15.9,75.2*,39.2*,0.00I,999.9,000000
727459,94964,20090925,60.1,24,51.4,24,9999.9,0,968.5,24,10.0,24,4.2,24,9.9,15.0,73.4*,48.2*,0.00I,999.9,000000
727459,94964,20090926,59.1,24,54.6,24,9999.9,0,960.8,24,10.0,24,4.5,24,8.0,999.9,64.4*,55.4*,0.00I,999.9,000000
727459,94964,20090927,55.7,24,51.6,24,9999.9,0,944.2,24,9.9,24,5.8,24,24.1,29.9,57.2*,50.0*,99.99,999.9,010000
727459,94964,20090928,46.6,24,43.5,24,9999.9,0,946.6,24,9.3,24,12.6,24,18.1,29.9,51.8*,41.0*,99.99,999.9,010000
727459,94964,20090929,41.5,24,33.2,24,9999.9,0,966.3,24,10.0,24,6.0,24,12.0,22.0,50.0*,37.4*,99.99,999.9,010000
727459,94964,20090930,39.3,24,27.6,24,9999.9,0,968.9,24,10.0,24,2.7,24,9.9,15.0,57.2*,26.6*,0.00I,999.9,000000
727459,94964,20091001,40.3,24,25.5,24,9999.9,0,963.3,24,10.0,24,6.1,24,18.1,26.0,53.6*,24.8*,0.00I,999.9,000000
727459,94964,20091002,43.3,24,34.8,24,9999.9,0,954.4,24,9.6,24,10.0,24,17.1,24.1,46.4*,39.2*,99.99,999.9,010000
727459,94964,20091003,42.8,24,40.2,24,9999.9,0,955.9,24,9.1,24,5.4,24,11.1,15.9,44.6*,41.0*,99.99,999.9,010000
727459,94964,20091004,44.0,24,41.7,24,9999.9,0,959.8,24,8.2,24,4.5,24,9.9,14.0,50.0*,41.0*,99.99,999.9,010000
727459,94964,20091005,44.3,24,41.7,24,9999.9,0,963.7,24,8.5,24,4.1,24,8.0,999.9,48.2*,42.8*,99.99,999.9,010000
727459,94964,20091006,42.4,24,40.6,24,9999.9,0,956.7,24,9.8,24,0.8,24,5.1,999.9,44.6*,39.2*,99.99,999.9,010000
727459,94964,20091007,40.9,24,37.6,24,9999.9,0,952.9,24,9.7,24,5.1,24,13.0,18.1,48.2*,33.8*,99.99,999.9,010000
727459,94964,20091008,42.4,24,35.3,24,9999.9,0,955.6,24,9.4,24,9.5,24,18.1,25.1,46.4*,35.6*,99.99,999.9,010000
727459,94964,20091009,36.2,24,26.9,24,9999.9,0,962.4,24,9.9,24,4.4,24,8.9,17.1,44.6*,30.2*,99.99,999.9,001000
727459,94964,20091010,28.1,24,22.9,24,9999.9,0,961.4,24,8.4,24,8.6,24,20.0,27.0,32.0*,24.8*,99.99,999.9,001000
727459,94964,20091011,30.8,24,23.1,24,9999.9,0,967.8,24,10.0,24,8.1,24,14.0,18.1,37.4*,28.4*,99.99,999.9,001000
727459,94964,20091012,30.9,24,22.6,24,9999.9,0,969.6,24,8.9,24,2.5,24,8.9,999.9,33.8*,26.6*,99.99,999.9,001000
727459,94964,20091013,28.4,24,22.2,24,9999.9,0,973.8,24,10.0,24,0.8,24,5.1,999.9,41.0*,19.4*,0.00I,999.9,000000
727459,94964,20091014,29.6,24,24.4,24,9999.9,0,973.8,24,10.0,24,2.0,24,8.9,999.9,39.2*,19.4*,0.00I,999.9,000000
727459,94964,20091015,34.6,24,31.3,24,9999.9,0,967.4,24,6.8,24,3.6,24,8.0,999.9,39.2*,32.0*,99.99,999.9,011000
727459,94964,20091016,34.9,24,33.1,24,9999.9,0,968.7,24,9.3,24,1.7,24,6.0,999.9,39.2*,32.0*,99.99,999.9,011000
727459,94964,20091017,33.7,24,29.5,24,9999.9,0,972.4,24,9.7,24,2.0,24,8.9,999.9,41.0*,28.4*,99.99,999.9,010000
727459,94964,20091018,41.8,24,33.2,24,9999.9,0,962.0,24,10.0,24,7.7,24,13.0,18.1,55.4*,35.6*,0.00I,999.9,000000
727459,94964,20091019,47.5,24,40.9,24,9999.9,0,954.2,24,9.8,24,8.7,24,15.0,19.0,51.8*,42.8*,99.99,999.9,010000
727459,94964,20091020,40.0,24,36.6,24,9999.9,0,965.9,24,8.9,24,1.4,24,4.1,999.9,42.8*,37.4*,99.99,999.9,010000
727459,94964,20091021,36.2,24,35.0,24,9999.9,0,968.9,24,7.6,24,3.4,24,8.0,999.9,39.2*,32.0*,99.99,999.9,011000
727459,94964,20091022,32.1,24,28.9,24,9999.9,0,969.3,24,9.5,24,2.5,24,7.0,999.9,37.4*,28.4*,99.99,999.9,001000
727459,94964,20091023,32.0,24,29.2,24,9999.9,0,962.2,24,9.8,24,3.9,24,8.0,999.9,35.6*,26.6*,99.99,999.9,001000
727459,94964,20091024,32.6,24,26.8,24,9999.9,0,948.9,24,10.0,24,2.5,24,8.0,999.9,42.8*,24.8*,0.00I,999.9,000000
727459,94964,20091025,33.7,24,30.1,24,9999.9,0,959.0,24,9.4,24,3.7,24,9.9,15.0,37.4*,28.4*,99.99,999.9,011000
727459,94964,20091026,35.6,24,34.9,24,9999.9,0,964.9,24,6.8,24,1.9,24,5.1,999.9,41.0*,33.8*,99.99,999.9,011000
727459,94964,20091027,39.0,22,33.0,22,9999.9,0,958.1,22,10.0,22,6.8,22,15.0,24.1,51.8*,28.4*,99.99,999.9,010000
727459,94964,20091028,39.1,24,34.0,24,9999.9,0,958.8,24,9.6,24,6.5,24,12.0,17.1,48.2*,28.4*,0.00I,999.9,000000
727459,94964,20091029,44.7,24,41.9,24,9999.9,0,961.8,24,6.8,24,4.8,24,8.0,999.9,48.2*,42.8*,99.99,999.9,010000
727459,94964,20091030,47.8,24,46.3,24,9999.9,0,942.4,24,7.2,24,5.4,24,17.1,25.1,53.6*,44.6*,99.99,999.9,010000
727459,94964,20091031,33.4,24,30.8,24,9999.9,0,941.8,24,6.3,24,12.0,24,19.0,27.0,42.8*,30.2*,99.99,999.9,011000
727459,94964,20091101,32.4,24,29.5,24,9999.9,0,961.8,24,10.0,24,4.7,24,13.0,19.0,37.4*,28.4*,99.99,999.9,011000
727459,94964,20091102,34.4,24,30.3,24,9999.9,0,963.6,24,9.1,24,7.3,24,15.0,24.1,37.4*,30.2*,99.99,999.9,011000
727459,94964,20091103,30.6,24,21.0,24,9999.9,0,969.7,24,9.9,24,6.1,24,12.0,17.1,37.4*,23.0*,99.99,999.9,001000
727459,94964,20091104,34.1,24,28.7,24,9999.9,0,966.5,24,9.6,24,3.9,24,15.0,21.0,37.4*,32.0*,99.99,999.9,001000
727459,94964,20091105,31.1,24,23.1,24,9999.9,0,969.0,24,10.0,24,5.5,24,13.0,17.1,37.4*,26.6*,0.00I,999.9,000000
727459,94964,20091106,38.7,24,28.9,24,9999.9,0,959.6,24,10.0,24,8.5,24,15.0,20.0,53.6*,28.4*,0.00I,999.9,000000
727459,94964,20091107,48.1,24,35.4,24,9999.9,0,949.4,24,9.4,24,7.4,24,20.0,28.0,57.2*,41.0*,0.00I,999.9,000000
727459,94964,20091108,37.7,24,28.2,24,9999.9,0,962.7,24,10.0,24,1.9,24,6.0,999.9,46.4*,24.8*,99.99,999.9,010000
727459,94964,20091109,41.6,24,36.0,24,9999.9,0,967.2,24,8.3,24,4.1,24,14.0,22.9,50.0*,35.6*,99.99,999.9,110000
727459,94964,20091110,34.0,24,23.6,24,9999.9,0,976.8,24,9.8,24,2.5,24,8.9,999.9,55.4*,19.4*,0.00I,999.9,000000
727459,94964,20091111,45.1,24,27.6,24,9999.9,0,972.3,24,10.0,24,9.0,24,18.1,26.0,50.0*,39.2*,0.00I,999.9,000000
727459,94964,20091112,45.0,24,30.1,24,9999.9,0,960.7,24,10.0,24,8.5,24,15.9,22.9,46.4*,41.0*,0.00I,999.9,000000
727459,94964,20091113,46.3,24,34.8,24,9999.9,0,950.8,24,8.5,24,4.5,24,11.1,20.0,48.2*,41.0*,99.99,999.9,010000
727459,94964,20091114,36.8,24,36.5,24,9999.9,0,953.4,24,8.1,24,2.8,24,11.1,15.0,41.0*,32.0*,99.99,999.9,011000
727459,94964,20091115,32.6,24,29.6,24,9999.9,0,963.7,24,8.6,24,6.5,24,13.0,19.0,42.8*,28.4*,99.99,999.9,001000
727459,94964,20091116,30.6,24,25.0,24,9999.9,0,971.2,24,9.8,24,1.0,24,5.1,999.9,44.6*,19.4*,0.00I,999.9,000000
727459,94964,20091117,28.9,24,21.7,24,9999.9,0,972.1,24,9.9,24,2.0,24,8.9,999.9,48.2*,15.8*,0.00I,999.9,000000
727459,94964,20091118,30.2,24,21.3,24,9999.9,0,968.2,24,10.0,24,0.8,24,5.1,999.9,48.2*,15.8*,0.00I,999.9,000000
727459,94964,20091119,29.9,24,26.8,24,9999.9,0,964.1,24,8.7,24,0.3,24,4.1,999.9,42.8*,23.0*,0.00I,999.9,100000
727459,94964,20091120,36.3,24,31.2,24,9999.9,0,963.4,24,8.5,24,1.6,24,7.0,999.9,44.6*,28.4*,0.00I,999.9,000000
727459,94964,20091121,27.7,24,22.9,24,9999.9,0,963.0,24,9.2,24,3.0,24,12.0,17.1,46.4*,14.0*,0.00I,999.9,000000
727459,94964,20091122,41.0,24,37.2,24,9999.9,0,961.0,24,5.0,24,7.3,24,14.0,19.0,44.6*,37.4*,0.00I,999.9,000000
727459,94964,20091123,43.4,24,42.9,24,9999.9,0,965.1,24,2.9,24,1.1,24,4.1,999.9,46.4*,41.0*,99.99,999.9,110000
727459,94964,20091124,42.6,24,41.5,24,9999.9,0,963.1,24,3.8,24,3.7,24,7.0,999.9,44.6*,41.0*,99.99,999.9,010000
727459,94964,20091125,36.3,24,36.0,24,9999.9,0,957.1,24,4.4,24,5.0,24,12.0,19.0,41.0*,32.0*,99.99,999.9,011000
727459,94964,20091126,27.9,24,23.5,24,9999.9,0,961.1,24,9.7,24,7.3,24,12.0,21.0,32.0*,23.0*,99.99,999.9,001000
727459,94964,20091127,22.3,24,17.7,24,9999.9,0,960.1,24,10.0,24,3.1,24,9.9,999.9,30.2*,15.8*,0.00I,999.9,000000
727459,94964,20091128,26.4,24,22.3,24,9999.9,0,955.9,24,10.0,24,1.2,24,6.0,999.9,35.6*,19.4*,0.00I,999.9,000000
727459,94964,20091129,28.2,24,24.1,24,9999.9,0,959.0,24,10.0,24,3.2,24,8.9,999.9,32.0*,21.2*,0.00I,999.9,000000
727459,94964,20091130,28.6,24,26.0,24,9999.9,0,955.0,24,8.9,24,6.0,24,13.0,20.0,32.0*,24.8*,99.99,999.9,001000
727459,94964,20091201,27.3,24,24.8,24,9999.9,0,952.3,24,9.7,24,3.7,24,8.9,15.9,30.2*,19.4*,99.99,999.9,001000
727459,94964,20091202,23.8,24,21.6,24,9999.9,0,956.9,24,7.1,24,4.7,24,8.0,14.0,28.4*,19.4*,99.99,999.9,001000
727459,94964,20091203,16.5,24,12.9,24,9999.9,0,961.1,24,7.6,24,5.4,24,9.9,17.1,19.4*,14.0*,99.99,999.9,001000
727459,94964,20091204,13.6,24,10.2,24,9999.9,0,958.8,24,4.2,24,5.5,24,8.9,999.9,17.6*,10.4*,99.99,999.9,001000
727459,94964,20091205,6.9,24,4.0,24,9999.9,0,959.8,24,6.4,24,1.5,24,6.0,999.9,14.0*,-7.6*,99.99,999.9,001000
727459,94964,20091206,3.7,24,0.6,24,9999.9,0,967.3,24,6.9,24,1.0,24,6.0,999.9,15.8*,-7.6*,99.99,999.9,001000
727459,94964,20091207,13.5,24,9.7,24,9999.9,0,970.1,24,9.3,24,2.3,24,8.0,999.9,15.8*,5.0*,99.99,999.9,001000
727459,94964,20091208,-2.4,24,-6.4,24,9999.9,0,970.0,24,10.0,24,0.2,24,4.1,999.9,6.8*,-11.2*,99.99,999.9,001000
727459,94964,20091209,2.1,24,-2.8,24,9999.9,0,955.2,24,5.7,24,6.1,24,12.0,20.0,5.0*,-0.4*,99.99,999.9,001000
727459,94964,20091210,-4.1,24,-9.4,24,9999.9,0,950.9,24,8.2,24,6.0,24,11.1,15.0,-0.4*,-9.4*,99.99,999.9,001000
727459,94964,20091211,-8.1,24,-13.6,24,9999.9,0,958.2,24,8.7,24,3.9,24,11.1,999.9,5.0*,-14.8*,99.99,999.9,001000
727459,94964,20091212,4.5,24,-0.3,24,9999.9,0,959.2,24,10.0,24,1.9,24,6.0,999.9,17.6*,-5.8*,0.00I,999.9,000000
727459,94964,20091213,0.7,24,-5.9,24,9999.9,0,959.5,24,9.6,24,4.7,24,9.9,17.1,14.0*,-11.2*,99.99,999.9,001000
727459,94964,20091214,-3.9,24,-11.0,24,9999.9,0,963.5,24,10.0,24,1.7,24,7.0,999.9,1.4*,-9.4*,0.00I,999.9,000000
727459,94964,20091215,-7.7,24,-14.3,24,9999.9,0,968.6,24,9.8,24,5.8,24,13.0,21.0,-2.2*,-11.2*,0.00I,999.9,000000
727459,94964,20091216,-5.6,24,-12.9,24,9999.9,0,973.9,24,10.0,24,0.7,24,5.1,999.9,10.4*,-16.6*,0.00I,999.9,000000
727459,94964,20091217,9.1,24,3.3,24,9999.9,0,969.8,24,9.1,24,3.6,24,8.9,15.0,19.4*,-2.2*,99.99,999.9,001000
727459,94964,20091218,12.5,24,9.8,24,9999.9,0,965.6,24,8.5,24,0.7,24,5.1,999.9,19.4*,1.4*,99.99,999.9,001000
727459,94964,20091219,11.5,24,6.9,24,9999.9,0,966.9,24,8.5,24,2.4,24,7.0,999.9,19.4*,-0.4*,99.99,999.9,001000
727459,94964,20091220,10.1,24,5.4,24,9999.9,0,963.8,24,9.0,24,0.4,24,5.1,999.9,32.0*,-0.4*,99.99,999.9,001000
727459,94964,20091221,18.3,24,15.1,24,9999.9,0,962.3,24,5.7,24,3.1,24,7.0,999.9,19.4*,15.8*,99.99,999.9,001000
727459,94964,20091222,6.0,24,1.6,24,9999.9,0,971.1,24,9.9,24,0.5,24,4.1,999.9,17.6*,-11.2*,99.99,999.9,001000
727459,94964,20091223,20.0,24,16.9,24,9999.9,0,974.2,24,10.0,24,2.8,24,13.0,22.9,26.6*,15.8*,0.00I,999.9,000000
727459,94964,20091224,26.7,24,21.7,24,9999.9,0,967.9,24,9.6,24,10.1,24,13.0,21.0,30.2*,24.8*,99.99,999.9,001000
727459,94964,20091225,30.3,24,28.2,24,9999.9,0,956.3,24,6.8,24,7.9,24,12.0,18.1,33.8*,28.4*,99.99,999.9,001000
727459,94964,20091226,28.6,24,27.1,24,9999.9,0,951.4,24,5.9,24,7.0,24,8.9,18.1,30.2*,24.8*,99.99,999.9,001000
727459,94964,20091227,19.1,24,17.1,24,9999.9,0,956.4,24,8.1,24,2.5,24,8.9,14.0,24.8*,6.8*,99.99,999.9,001000
727459,94964,20091228,13.9,24,9.3,24,9999.9,0,962.0,24,8.4,24,9.4,24,14.0,22.9,24.8*,1.4*,99.99,999.9,001000
727459,94964,20091229,-6.6,24,-11.2,24,9999.9,0,971.7,24,10.0,24,1.2,24,7.0,999.9,12.2*,-16.6*,0.00I,999.9,000000
727459,94964,20091230,10.1,24,3.9,24,9999.9,0,957.9,23,7.3,24,6.5,24,11.1,17.1,12.2*,8.6*,99.99,999.9,001000
727459,94964,20091231,8.1,24,1.6,24,9999.9,0,960.9,21,8.5,24,7.5,24,12.0,18.1,10.4*,1.4*,99.99,999.9,001000
