722286,93806,20080101,45.1,24,25.5,24,1026.3,24,9999.9,0,10.0,24,8.2,24,14.0,20.0,55.0,37.0,0.00I,999.9,000000
722286,93806,20080102,31.8,24,7.9,24,1037.1,24,9999.9,0,10.0,24,9.9,24,15.0,21.0,41.0*,24.8*,0.00I,999.9,000000
722286,93806,20080103,27.1,23,8.7,23,1042.9,23,9999.9,0,10.0,23,4.4,23,8.9,999.9,42.1,15.1,0.00I,999.9,000000
722286,93806,20080104,33.0,24,17.4,24,1038.0,24,9999.9,0,10.0,24,3.2,24,8.9,14.0,54.0,17.1,0.00I,999.9,000000
722286,93806,20080105,49.1,24,26.7,24,1028.9,24,9999.9,0,10.0,24,6.0,24,9.9,999.9,62.6*,39.2*,0.00H,999.9,010000
722286,93806,20080106,62.0,24,51.8,24,1023.9,24,9999.9,0,10.0,24,5.5,24,9.9,999.9,72.0,52.0,0.00I,999.9,000000
722286,93806,20080107,62.8,24,54.0,24,1023.8,22,9999.9,0,10.0,24,5.7,24,13.0,15.9,69.1,54.0,0.00I,999.9,000000
722286,93806,20080108,63.9,24,55.4,24,1020.4,20,9999.9,0,10.0,24,7.2,24,14.0,20.0,73.9,51.1,0.00I,999.9,000000
722286,93806,20080109,57.9,24,47.1,24,1019.5,21,9999.9,0,9.2,21,4.7,24,16.9,28.0,71.6*,44.6*,1.04G,999.9,010010
722286,93806,20080110,61.4,24,57.4,24,1013.5,11,9999.9,0,6.4,24,4.7,24,15.0,19.0,71.6*,55.4*,0.26G,999.9,010010
722286,93806,20080111,53.4,24,42.0,24,1012.2,24,9999.9,0,8.6,24,5.9,24,14.0,19.0,66.2*,37.4*,0.16G,999.9,000000
722286,93806,20080112,42.2,24,32.0,24,1016.0,24,9999.9,0,9.7,24,1.8,24,7.0,999.9,57.9,30.0,0.00G,999.9,000000
722286,93806,20080113,45.1,23,33.2,23,1016.8,23,9999.9,0,9.6,23,3.6,23,11.1,15.0,61.0,33.1,0.00I,999.9,000000
722286,93806,20080114,40.2,24,24.9,24,1025.0,24,9999.9,0,8.0,24,4.8,24,11.1,16.9,53.6*,24.8*,0.00I,999.9,000000
722286,93806,20080115,39.1,24,26.7,24,1023.4,24,9999.9,0,9.4,24,2.1,24,8.9,999.9,53.1,28.0,0.00I,999.9,000000
722286,93806,20080116,39.7,23,29.1,23,1021.4,22,9999.9,0,8.1,23,4.1,23,8.0,999.9,46.9,34.0,0.26B,999.9,010000
722286,93806,20080117,42.0,23,37.3,23,1017.3,19,9999.9,0,7.8,23,3.7,23,8.9,999.9,48.2*,35.6*,0.12A,999.9,010000
722286,93806,20080118,44.7,24,32.6,24,1021.8,17,9999.9,0,6.9,24,3.1,24,7.0,999.9,54.0,37.0,0.00I,999.9,100000
722286,93806,20080119,39.8,24,25.6,24,1022.3,21,9999.9,0,8.8,24,5.9,24,14.0,16.9,48.2*,33.8*,0.03G,999.9,111000
722286,93806,20080120,29.7,24,8.8,24,1033.2,24,9999.9,0,10.0,24,7.2,24,11.1,999.9,41.0,21.0,0.02G,999.9,000000
722286,93806,20080121,32.2,24,10.5,24,1036.0,24,9999.9,0,10.0,24,4.3,24,9.9,999.9,50.0,17.1,0.00G,999.9,000000
722286,93806,20080122,42.7,24,30.5,24,1027.5,20,9999.9,0,7.9,24,4.6,24,8.0,999.9,46.4*,39.2*,0.20C,999.9,010000
722286,93806,20080123,46.1,24,41.2,24,1021.8,18,9999.9,0,5.9,24,2.1,24,5.1,999.9,50.0,42.1,0.00A,999.9,100000
722286,93806,20080124,42.6,24,30.0,24,1023.9,21,9999.9,0,9.6,24,8.2,24,15.0,19.0,48.2*,37.4*,0.00I,999.9,000000
722286,93806,20080125,30.9,24,12.1,24,1031.8,24,9999.9,0,10.0,24,4.8,24,8.9,999.9,37.9,21.9,0.00A,999.9,100000
722286,93806,20080126,38.8,24,33.1,24,1026.2,21,9999.9,0,7.1,24,2.1,24,5.1,999.9,46.9,33.1,0.14G,999.9,010000
722286,93806,20080127,44.2,24,35.1,24,1025.5,23,9999.9,0,9.0,24,4.0,24,7.0,999.9,57.9,37.0,0.00G,999.9,000000
722286,93806,20080128,41.5,24,27.1,24,1023.3,24,9999.9,0,8.4,24,3.4,24,9.9,999.9,64.4*,26.6*,0.00I,999.9,000000
722286,93806,20080129,58.0,24,44.7,24,1012.5,22,9999.9,0,9.5,24,8.8,24,14.0,23.9,70.0,48.0,0.11A,999.9,010000
722286,93806,20080130,43.6,24,24.3,24,1020.0,23,9999.9,0,9.0,24,8.9,24,28.0,35.0,64.4*,28.4*,0.77G,999.9,010000
722286,93806,20080131,41.6,24,25.5,24,1019.6,23,9999.9,0,9.2,24,6.6,24,14.0,20.0,57.0,26.1,0.00G,999.9,010010
722286,93806,20080201,44.7,24,36.6,24,1019.8,16,9999.9,0,8.8,24,7.6,24,15.0,21.0,51.1,37.9,1.07G,999.9,010010
722286,93806,20080202,40.9,24,31.5,24,1024.1,24,9999.9,0,8.7,24,3.2,24,8.9,999.9,60.8*,28.4*,0.00G,999.9,000000
722286,93806,20080203,47.5,24,42.4,24,1022.5,19,9999.9,0,7.9,24,2.5,24,11.1,999.9,61.0,37.0,0.45B,999.9,010010
722286,93806,20080204,65.1,24,57.8,24,1018.4,22,9999.9,0,7.5,24,8.0,24,15.9,19.0,78.1,55.0,0.00H,999.9,010000
722286,93806,20080205,71.9,24,62.2,24,1015.3,15,9999.9,0,8.6,24,8.2,24,15.0,999.9,80.6*,66.2*,0.00A,999.9,000000
722286,93806,20080206,66.3,24,52.8,24,1010.0,21,9999.9,0,9.1,24,12.0,24,20.0,28.9,77.0,53.1,0.46G,999.9,010010
722286,93806,20080207,43.6,24,30.3,24,1017.3,24,9999.9,0,9.4,24,3.2,24,8.9,999.9,57.0,30.0,0.00G,999.9,000000
722286,93806,20080208,45.9,24,32.5,24,1014.7,24,9999.9,0,9.9,24,2.5,24,8.0,999.9,62.6*,33.8*,0.00I,999.9,000000
722286,93806,20080209,49.8,24,30.1,24,1017.4,24,9999.9,0,9.8,24,3.0,24,9.9,999.9,66.2*,35.6*,0.00I,999.9,000000
722286,93806,20080210,41.9,16,27.6,16,1026.2,12,9999.9,0,6.2,16,1.3,16,12.0,999.9,69.8*,28.4*,0.00I,999.9,000000
722286,93806,20080211,51.0,24,28.2,24,1025.0,24,9999.9,0,10.0,24,5.3,24,11.1,16.9,72.0,33.1,0.00I,999.9,000000
722286,93806,20080212,62.2,24,43.6,24,1014.6,23,9999.9,0,9.5,24,8.0,24,23.9,30.9,75.2*,55.4*,0.37A,999.9,010010
722286,93806,20080213,38.3,24,31.4,24,1014.7,19,9999.9,0,9.3,24,9.9,24,15.0,21.0,55.4*,30.2*,0.10B,999.9,010000
722286,93806,20080214,36.3,24,21.9,24,1023.5,24,9999.9,0,8.7,24,4.0,24,9.9,999.9,57.2*,23.0*,0.00I,999.9,000000
722286,93806,20080215,46.1,24,35.3,24,1025.2,24,9999.9,0,9.9,24,1.8,24,7.0,999.9,66.0,33.1,0.00I,999.9,000000
722286,93806,20080216,54.9,24,46.0,24,1021.8,23,9999.9,0,7.8,24,2.0,24,8.0,999.9,66.2*,44.6*,0.00A,999.9,000000
722286,93806,20080217,62.8,24,51.8,24,1008.8,17,9999.9,0,8.4,24,9.2,24,20.0,29.9,68.0,60.1,1.07B,999.9,110010
722286,93806,20080218,51.0,24,34.5,24,1013.5,24,9999.9,0,10.0,24,7.3,24,14.0,20.0,60.8*,42.8*,0.00I,999.9,000000
722286,93806,20080219,38.7,17,27.1,17,1022.7,17,9999.9,0,10.0,17,1.6,17,16.9,23.9,57.2*,28.4*,0.00I,999.9,000000
722286,93806,20080220,47.7,24,30.7,24,1022.1,18,9999.9,0,9.9,24,2.3,24,12.0,16.9,70.0,30.9,0.00I,999.9,000000
722286,93806,20080221,51.1,24,44.8,24,1019.3,18,9999.9,0,7.5,24,3.6,24,13.0,19.0,62.1,45.0,0.02G,999.9,010010
722286,93806,20080222,57.3,24,53.6,24,1011.6,15,9999.9,0,8.7,24,6.4,24,11.1,15.0,66.9,51.1,2.09G,999.9,010010
722286,93806,20080223,45.1,24,38.1,24,1018.4,21,9999.9,0,9.6,24,7.5,24,12.0,999.9,57.9,39.0,0.00G,999.9,000000
722286,93806,20080224,43.0,24,34.1,24,1020.6,22,9999.9,0,7.2,24,3.9,24,8.9,999.9,60.8*,32.0*,0.00A,999.9,000000
722286,93806,20080225,51.5,24,42.0,24,1016.7,20,9999.9,0,7.2,24,3.1,24,8.9,999.9,68.0*,37.4*,0.00I,999.9,000000
722286,93806,20080226,56.2,24,46.5,24,1010.0,17,9999.9,0,8.0,24,10.4,24,19.0,28.9,64.9,44.1,0.58G,999.9,010010
722286,93806,20080227,38.5,24,19.5,24,1021.3,24,9999.9,0,10.0,24,9.6,24,12.0,23.9,45.0,30.0,0.00G,999.9,000000
722286,93806,20080228,38.7,24,23.1,24,1026.0,24,9999.9,0,9.8,24,3.0,24,8.9,999.9,57.2*,24.8*,0.00I,999.9,000000
722286,93806,20080229,53.7,24,36.3,24,1025.9,24,9999.9,0,9.3,24,7.9,24,12.0,15.9,70.0,42.1,0.00H,999.9,010000
722286,93806,20080301,59.6,24,48.8,24,1025.4,18,9999.9,0,6.9,24,2.7,24,6.0,999.9,71.6*,48.2*,0.18G,999.9,110000
722286,93806,20080302,58.2,24,44.7,24,1021.3,24,9999.9,0,9.5,24,4.0,24,15.0,20.0,78.1,42.1,0.00G,999.9,000000
722286,93806,20080303,65.4,24,48.7,24,1015.6,24,9999.9,0,10.0,24,8.8,24,16.9,26.0,79.0,50.0,0.00I,999.9,000000
722286,93806,20080304,59.9,24,51.8,24,1007.4,15,9999.9,0,8.0,24,12.8,24,20.0,28.0,75.2*,48.2*,1.82G,999.9,010010
722286,93806,20080305,45.6,24,30.6,24,1016.9,23,9999.9,0,10.0,24,5.2,24,12.0,16.9,60.8*,35.6*,0.00G,999.9,000000
722286,93806,20080306,51.4,24,33.6,24,1016.9,24,9999.9,0,9.8,24,2.7,24,8.9,999.9,72.0,34.0,0.00I,999.9,000000
722286,93806,20080307,52.2,15,40.6,15,1009.9,8,9999.9,0,8.4,15,5.9,15,22.9,34.0,57.2*,44.6*,0.93G,999.9,010000
722286,93806,20080308,37.3,19,29.6,19,1014.0,12,9999.9,0,8.0,19,10.2,19,14.0,22.0,45.0,32.0,0.00G,999.9,001000
722286,93806,20080310,64.8,4,35.2,4,9999.9,0,9999.9,0,10.0,4,2.0,4,5.1,999.9,66.2*,60.8*,0.00I,999.9,000000
722286,93806,20080311,54.0,24,38.5,24,1021.3,16,9999.9,0,10.0,24,3.4,24,7.0,999.9,64.9,46.0,0.01B,999.9,010000
722286,93806,20080312,51.3,24,36.7,24,1017.4,24,9999.9,0,9.2,24,2.1,24,8.0,999.9,73.9,33.1,0.00I,999.9,000000
722286,93806,20080313,55.9,24,39.4,24,1015.0,24,9999.9,0,9.8,24,4.3,24,14.0,999.9,73.9,37.9,0.00I,999.9,000000
722286,93806,20080314,63.4,24,51.6,24,1007.8,20,9999.9,0,8.9,24,8.3,24,13.0,16.9,75.9,57.0,0.03G,999.9,010010
722286,93806,20080315,66.5,24,57.2,24,1003.7,18,9999.9,0,7.1,24,7.0,24,21.0,39.0,82.0,55.9,0.35G,999.9,010010
722286,93806,20080316,57.9,24,41.5,24,1018.3,24,9999.9,0,9.7,24,6.9,24,12.0,14.0,71.1,42.1,0.02G,999.9,000000
722286,93806,20080317,62.0,24,41.7,24,1022.7,24,9999.9,0,10.0,24,7.7,24,14.0,19.0,80.6*,48.2*,0.00G,999.9,000000
722286,93806,20080318,69.6,24,53.7,24,1017.5,22,9999.9,0,9.3,24,10.0,24,16.9,23.9,75.9,64.0,0.00I,999.9,000000
722286,93806,20080319,69.2,23,59.2,23,1007.7,18,9999.9,0,8.3,23,13.0,23,22.0,30.9,73.4*,53.6*,0.07G,999.9,010010
722286,93806,20080320,53.1,24,33.7,24,1023.0,22,9999.9,0,10.0,24,7.4,24,15.9,20.0,66.9,41.0,0.59G,999.9,000000
722286,93806,20080321,53.9,24,35.5,24,1023.6,24,9999.9,0,9.7,24,3.3,24,9.9,999.9,72.0,36.0,0.00G,999.9,000000
722286,93806,20080322,59.1,24,37.8,24,1017.8,24,9999.9,0,9.3,24,4.2,24,13.0,18.1,75.9,44.1,0.00I,999.9,000000
722286,93806,20080323,52.9,24,28.8,24,1022.6,24,9999.9,0,10.0,24,9.8,24,15.0,21.0,62.6*,39.2*,0.00I,999.9,000000
722286,93806,20080324,46.9,24,22.0,24,1027.8,24,9999.9,0,10.0,24,8.6,24,14.0,20.0,55.9,36.0,0.00I,999.9,000000
722286,93806,20080325,46.2,22,23.8,22,1028.5,22,9999.9,0,9.5,22,3.8,22,9.9,15.9,64.9,27.0,0.00I,999.9,000000
722286,93806,20080326,57.7,24,38.1,24,1025.3,24,9999.9,0,9.9,24,6.0,24,9.9,999.9,73.4*,44.6*,0.00I,999.9,000000
722286,93806,20080327,65.0,24,47.8,24,1018.2,24,9999.9,0,9.7,24,8.8,24,15.0,20.0,78.8*,51.8*,0.00I,999.9,000000
722286,93806,20080328,69.2,24,57.3,24,1015.3,22,9999.9,0,8.8,24,8.3,24,15.0,18.1,80.1,62.1,0.00A,999.9,000000
722286,93806,20080329,65.9,24,57.7,24,1018.4,18,9999.9,0,6.2,24,2.6,24,14.0,999.9,80.6*,55.4*,0.12A,999.9,110010
722286,93806,20080330,63.9,24,57.7,24,1021.8,19,9999.9,0,6.8,24,5.7,24,12.0,999.9,69.8*,60.8*,0.26G,999.9,010010
722286,93806,20080331,58.7,24,49.6,24,1022.3,22,9999.9,0,8.1,24,8.1,24,12.0,15.0,66.2*,53.6*,0.00G,999.9,000000
722286,93806,20080401,63.8,24,56.6,24,1019.3,21,9999.9,0,9.3,24,5.6,24,11.1,999.9,75.0,59.0,0.48G,999.9,010010
722286,93806,20080402,66.3,24,55.2,24,1022.3,21,9999.9,0,10.0,24,5.9,24,9.9,999.9,77.0,57.0,0.00G,999.9,000000
722286,93806,20080403,66.6,24,55.9,24,1018.9,21,9999.9,0,8.8,24,5.2,24,12.0,19.0,80.6*,53.6*,0.00I,999.9,000000
722286,93806,20080404,71.1,24,62.2,24,1012.7,19,9999.9,0,9.0,24,10.5,24,25.1,33.0,80.6*,60.8*,0.14B,999.9,010010
722286,93806,20080405,60.4,24,55.9,24,1012.4,18,9999.9,0,7.8,24,5.7,24,9.9,999.9,64.4*,57.2*,0.77G,999.9,010000
722286,93806,20080406,60.0,24,52.3,24,1014.2,19,9999.9,0,7.4,24,3.3,24,6.0,999.9,73.9,50.0,0.01G,999.9,000000
722286,93806,20080407,63.6,24,49.0,24,1014.9,21,9999.9,0,7.2,24,2.0,24,7.0,999.9,81.0,48.0,0.00G,999.9,100000
722286,93806,20080408,67.5,24,57.0,24,1017.0,24,9999.9,0,8.2,24,6.3,24,12.0,999.9,77.0,59.0,0.00I,999.9,000000
722286,93806,20080409,69.6,24,55.9,24,1018.2,24,9999.9,0,9.1,24,4.8,24,9.9,999.9,82.4*,59.0*,0.00I,999.9,000000
722286,93806,20080410,73.0,24,59.8,24,1014.0,23,9999.9,0,9.8,24,9.4,24,18.1,22.9,82.9,64.0,0.00I,999.9,000000
722286,93806,20080411,75.0,24,65.5,24,1010.6,19,9999.9,0,9.1,24,10.8,24,19.0,26.0,86.0,70.0,0.31A,999.9,010010
722286,93806,20080412,64.8,24,45.4,24,1012.8,23,9999.9,0,9.1,24,7.4,24,15.9,21.0,71.6*,57.2*,0.00A,999.9,000000
722286,93806,20080413,52.2,24,33.3,24,1017.9,24,9999.9,0,10.0,24,5.6,24,12.0,21.0,64.0,37.9,0.00I,999.9,000000
722286,93806,20080414,46.2,24,34.4,24,1021.3,24,9999.9,0,9.8,24,7.0,24,14.0,20.0,55.4*,37.4*,0.02B,999.9,010000
722286,93806,20080415,48.8,24,30.7,24,1025.0,24,9999.9,0,9.8,24,4.9,24,13.0,999.9,64.4*,30.2*,0.00I,999.9,000000
722286,93806,20080416,53.4,24,36.2,24,1023.9,24,9999.9,0,8.5,24,3.4,24,11.1,15.9,73.0,35.1,0.00I,999.9,000000
722286,93806,20080417,58.7,24,42.4,24,1021.9,23,9999.9,0,8.3,24,3.7,24,13.0,15.0,75.9,42.1,0.00I,999.9,000000
722286,93806,20080418,61.1,24,47.1,24,1017.5,21,9999.9,0,8.5,24,4.4,24,12.0,15.9,75.2*,42.8*,0.00I,999.9,100000
722286,93806,20080419,61.1,24,48.2,24,1015.2,21,9999.9,0,8.8,24,6.2,24,21.0,28.0,75.0,44.1,1.19G,999.9,010010
722286,93806,20080420,62.2,24,47.2,24,1014.5,23,9999.9,0,9.5,24,2.2,24,11.1,999.9,80.1,46.0,0.00G,999.9,000000
722286,93806,20080421,66.5,24,50.3,24,1015.2,24,9999.9,0,9.9,24,2.2,24,8.0,999.9,82.9,50.0,0.00I,999.9,000000
722286,93806,20080422,67.8,24,53.2,24,1015.4,22,9999.9,0,8.0,24,1.6,24,5.1,999.9,87.1,51.1,0.00I,999.9,100000
722286,93806,20080423,71.6,24,56.2,24,1017.3,21,9999.9,0,8.2,24,2.5,24,8.0,999.9,87.8*,55.4*,0.00I,999.9,000000
722286,93806,20080424,71.2,24,56.9,24,1019.0,24,9999.9,0,9.2,24,3.6,24,8.9,14.0,81.0,59.0,0.00I,999.9,000000
722286,93806,20080425,72.4,24,58.4,24,1017.0,21,9999.9,0,8.5,24,4.9,24,14.0,20.0,84.9,57.0,0.00I,999.9,100000
722286,93806,20080426,71.3,24,61.5,24,1017.2,22,9999.9,0,9.4,24,3.8,24,7.0,999.9,80.6*,64.4*,0.08A,999.9,010000
722286,93806,20080427,69.5,24,62.5,24,1016.4,16,9999.9,0,8.8,24,4.6,24,9.9,14.0,80.1,64.0,0.16G,999.9,010010
722286,93806,20080428,63.9,23,51.6,23,1015.8,13,9999.9,0,8.3,23,7.1,23,12.0,19.0,71.1,57.0,0.00G,999.9,010000
722286,93806,20080429,57.3,24,38.6,24,1019.7,24,9999.9,0,10.0,24,4.8,24,11.1,999.9,70.0,46.0,0.00I,999.9,000000
722286,93806,20080430,59.8,24,43.8,24,1018.6,24,9999.9,0,9.0,24,3.5,24,12.0,999.9,78.8*,42.8*,0.00I,999.9,000000
722286,93806,20080501,67.0,24,50.9,24,1015.9,23,9999.9,0,9.7,24,6.5,24,13.0,21.0,80.1,53.1,99.99,999.9,010010
722286,93806,20080502,72.4,24,60.2,24,1013.5,22,9999.9,0,9.4,24,10.3,24,15.9,22.0,81.0,66.0,0.00I,999.9,000000
722286,93806,20080503,71.0,24,60.7,24,1012.4,20,9999.9,0,8.8,24,8.1,24,15.0,22.9,78.8*,62.6*,0.48G,999.9,010010
722286,93806,20080504,65.4,24,50.1,24,1017.2,24,9999.9,0,10.0,24,4.8,24,8.9,999.9,77.0*,51.8*,0.22G,999.9,000000
722286,93806,20080505,64.3,24,46.2,24,1019.2,24,9999.9,0,10.0,24,3.6,24,8.9,999.9,80.6*,48.2*,0.00G,999.9,000000
722286,93806,20080506,66.1,24,48.9,24,1018.3,22,9999.9,0,8.4,24,1.7,24,7.0,999.9,84.9,48.0,0.00A,999.9,000000
722286,93806,20080507,72.5,24,56.1,24,1013.3,23,9999.9,0,9.2,24,4.5,24,12.0,999.9,87.1,59.0,0.00H,999.9,110000
722286,93806,20080508,73.5,24,60.6,24,1007.0,22,9999.9,0,8.1,24,9.6,24,20.0,26.0,81.0,69.1,0.89A,999.9,110010
722286,93806,20080509,70.7,24,61.8,24,1008.1,17,9999.9,0,6.3,24,3.4,24,8.9,15.0,86.0,57.0,0.00H,999.9,110000
722286,93806,20080510,74.9,24,67.3,24,1008.8,23,9999.9,0,6.2,24,3.7,24,12.0,999.9,82.0,66.0,0.00B,999.9,000000
722286,93806,20080511,74.8,24,57.6,24,1006.6,21,9999.9,0,8.3,24,11.6,24,19.0,25.1,79.0,69.1,0.02G,999.9,010010
722286,93806,20080512,63.3,24,44.1,24,1014.5,24,9999.9,0,10.0,24,5.0,24,9.9,999.9,78.8*,50.0*,0.00G,999.9,000000
722286,93806,20080513,62.6,24,50.5,24,1017.1,23,9999.9,0,9.6,24,2.3,24,7.0,999.9,75.2*,46.4*,0.00I,999.9,100000
722286,93806,20080514,70.3,24,55.1,24,1016.8,24,9999.9,0,9.5,24,5.0,24,8.0,999.9,80.6*,62.6*,0.01B,999.9,010000
722286,93806,20080515,68.9,24,65.1,24,1012.4,17,9999.9,0,5.4,24,4.5,24,9.9,15.0,77.0,64.0,0.40G,999.9,110010
722286,93806,20080516,65.3,24,58.6,24,1013.7,19,9999.9,0,8.4,24,5.2,24,11.1,999.9,71.6*,60.8*,3.41G,999.9,100000
722286,93806,20080517,61.6,24,50.1,24,1015.1,19,9999.9,0,7.6,24,2.7,24,8.0,999.9,77.0,46.9,0.00G,999.9,100000
722286,93806,20080518,68.9,24,56.0,24,1009.1,24,9999.9,0,9.8,24,5.2,24,11.1,18.1,82.9,59.0,0.00I,999.9,000000
722286,93806,20080519,72.6,24,58.3,24,1008.4,20,9999.9,0,7.1,24,3.9,24,9.9,999.9,88.0,57.0,0.04G,999.9,110000
722286,93806,20080520,76.8,24,62.8,24,1006.1,24,9999.9,0,9.4,24,7.9,24,14.0,999.9,89.6*,64.4*,0.00G,999.9,000000
722286,93806,20080521,73.7,24,56.8,24,1006.7,24,9999.9,0,9.8,24,3.8,24,8.9,999.9,86.0,61.0,0.00I,999.9,000000
722286,93806,20080522,70.8,24,59.6,24,1008.7,22,9999.9,0,9.2,24,3.9,24,8.9,999.9,87.1,59.0,0.02A,999.9,010010
722286,93806,20080523,75.3,24,65.8,24,1012.3,24,9999.9,0,9.1,24,2.8,24,9.9,999.9,82.9,68.0,0.00H,999.9,010000
722286,93806,20080524,77.3,24,68.2,24,1014.8,20,9999.9,0,7.7,24,2.2,24,11.1,20.0,91.0,68.0,0.00I,999.9,100010
722286,93806,20080525,79.1,24,67.2,24,1015.8,19,9999.9,0,6.2,24,2.0,24,7.0,999.9,93.0,68.0,0.00I,999.9,100000
722286,93806,20080526,80.2,24,67.3,24,1015.7,21,9999.9,0,6.7,24,6.8,24,12.0,999.9,89.1,73.0,0.00H,999.9,010000
722286,93806,20080527,78.7,24,66.9,24,1016.5,22,9999.9,0,8.2,24,5.7,24,19.0,22.0,89.6*,71.6*,0.00A,999.9,000010
722286,93806,20080528,72.2,24,67.2,24,1017.7,19,9999.9,0,8.3,24,2.4,24,6.0,999.9,79.0,66.9,0.01G,999.9,010010
722286,93806,20080529,76.2,24,68.8,24,1018.8,19,9999.9,0,6.0,24,3.6,24,8.9,999.9,84.2*,69.8*,0.14G,999.9,100000
722286,93806,20080530,78.0,24,68.1,24,1018.2,24,9999.9,0,6.4,24,3.4,24,7.0,999.9,90.0,68.0,0.00G,999.9,000000
722286,93806,20080531,78.4,24,65.8,24,1017.3,23,9999.9,0,7.9,24,3.8,24,9.9,14.0,91.0,64.9,0.00I,999.9,000000
722286,93806,20080601,77.2,24,68.3,24,1016.0,15,9999.9,0,6.4,24,3.0,24,8.9,999.9,89.6*,66.2*,0.00H,999.9,110010
722286,93806,20080602,75.8,24,65.1,24,1015.5,22,9999.9,0,8.6,24,3.4,24,11.1,999.9,89.6*,62.6*,0.02G,999.9,110000
722286,93806,20080603,80.5,24,69.1,24,1013.2,24,9999.9,0,8.7,24,3.8,24,9.9,999.9,93.2*,69.8*,0.00G,999.9,000000
722286,93806,20080604,81.5,24,69.8,24,1011.5,22,9999.9,0,9.2,24,5.9,24,8.9,999.9,91.9,72.0,0.00I,999.9,000000
722286,93806,20080605,82.5,24,70.2,24,1014.3,23,9999.9,0,9.7,24,7.2,24,11.1,19.0,93.0,73.0,0.00I,999.9,000000
722286,93806,20080606,83.2,24,69.9,24,1018.1,24,9999.9,0,9.8,24,6.3,24,12.0,18.1,93.9,71.1,0.00I,999.9,000000
722286,93806,20080607,82.8,24,70.0,24,1019.9,24,9999.9,0,9.2,24,3.8,24,8.9,999.9,93.9,73.0,0.00I,999.9,000000
722286,93806,20080608,82.8,24,68.4,24,1018.3,20,9999.9,0,7.6,24,2.5,24,8.9,999.9,96.1,70.0,0.00I,999.9,100000
722286,93806,20080609,81.3,24,68.7,24,1015.6,20,9999.9,0,7.5,24,3.7,24,21.0,26.0,93.9,69.1,0.00H,999.9,110010
722286,93806,20080610,78.7,24,68.0,24,1015.6,22,9999.9,0,7.8,24,3.8,24,8.0,999.9,91.9,69.1,0.02G,999.9,010010
722286,93806,20080611,80.4,22,67.9,22,1016.1,19,9999.9,0,8.3,22,2.2,22,8.9,999.9,93.2*,69.8*,0.00G,999.9,000010
722286,93806,20080612,79.1,24,69.0,24,1017.3,17,9999.9,0,6.0,24,2.6,24,8.0,999.9,91.4*,69.8*,99.99,999.9,010010
722286,93806,20080613,79.2,24,68.5,24,1018.9,22,9999.9,0,7.0,24,4.3,24,8.9,999.9,88.0,70.0,0.00I,999.9,000010
722286,93806,20080614,79.3,24,69.7,24,1017.6,22,9999.9,0,7.5,24,3.2,24,11.1,999.9,91.0,73.0,0.01G,999.9,010010
722286,93806,20080615,78.7,24,66.3,24,1014.4,22,9999.9,0,9.2,24,2.5,24,7.0,999.9,91.9,66.9,0.00G,999.9,010000
722286,93806,20080616,80.8,23,64.0,23,1013.1,21,9999.9,0,8.2,23,2.8,23,9.9,14.0,93.9,64.0,0.00I,999.9,000000
722286,93806,20080617,79.3,24,65.9,24,1013.7,23,9999.9,0,8.5,24,3.1,24,12.0,999.9,91.4*,66.2*,0.00I,999.9,000010
722286,93806,20080618,75.7,24,54.5,24,1013.6,24,9999.9,0,9.8,24,5.6,24,9.9,15.9,87.1,59.0,0.00I,999.9,000000
722286,93806,20080619,75.4,23,52.8,23,1014.3,23,9999.9,0,9.9,23,3.3,23,8.0,15.9,89.6*,57.2*,0.00I,999.9,000000
722286,93806,20080620,74.3,23,56.9,23,1015.7,23,9999.9,0,8.4,23,2.2,23,6.0,999.9,90.0,55.9,0.00I,999.9,000000
722286,93806,20080621,77.4,24,64.6,24,1016.5,21,9999.9,0,6.7,24,3.1,24,8.0,999.9,91.0,66.0,0.00I,999.9,000000
722286,93806,20080622,79.6,24,62.6,24,1015.1,21,9999.9,0,7.8,24,3.7,24,8.9,999.9,91.4*,64.4*,0.00I,999.9,000000
722286,93806,20080623,79.4,24,61.2,24,1015.8,23,9999.9,0,8.3,24,2.3,24,9.9,999.9,93.9,63.0,0.00I,999.9,000000
722286,93806,20080624,80.8,24,63.4,24,1020.6,24,9999.9,0,9.3,24,1.8,24,6.0,999.9,97.0,66.9,0.00I,999.9,000000
722286,93806,20080625,81.0,24,65.2,24,1021.8,21,9999.9,0,7.8,24,2.5,24,15.0,27.0,96.8*,66.2*,0.02A,999.9,010010
722286,93806,20080701,82.3,12,49.7,12,1017.5,7,9999.9,0,10.0,12,2.9,12,5.1,999.9,89.6*,64.4*,0.00I,999.9,000000
722286,93806,20080702,74.8,24,55.3,24,1017.9,24,9999.9,0,9.3,24,2.0,24,8.0,999.9,91.4*,57.2*,0.00I,999.9,000000
722286,93806,20080703,78.6,24,63.3,24,1016.9,24,9999.9,0,8.3,24,2.1,24,6.0,999.9,93.9,63.0,0.00I,999.9,000000
722286,93806,20080704,80.1,24,66.0,24,1016.9,24,9999.9,0,8.0,24,3.4,24,15.0,22.9,96.1,69.1,0.00H,999.9,010000
722286,93806,20080705,75.3,24,68.5,24,1016.4,21,9999.9,0,8.4,24,2.4,24,8.0,999.9,87.1,69.1,0.19D,999.9,010000
722286,93806,20080706,77.3,23,69.2,23,1016.2,22,9999.9,0,9.3,23,3.7,23,8.9,999.9,89.1,71.1,0.04B,999.9,010000
722286,93806,20080707,79.2,24,66.6,24,1017.7,22,9999.9,0,9.0,24,3.1,24,8.0,999.9,93.9,66.0,0.00I,999.9,000000
722286,93806,20080708,82.8,24,69.0,24,1017.6,23,9999.9,0,8.1,24,3.1,24,7.0,999.9,96.1,69.1,0.00B,999.9,000000
722286,93806,20080709,82.7,24,70.5,24,1017.5,24,9999.9,0,8.6,24,5.7,24,11.1,999.9,95.0,73.0,0.00A,999.9,000000
722286,93806,20080710,82.5,24,69.9,24,1017.9,24,9999.9,0,9.3,24,3.4,24,8.0,999.9,97.0,73.0,0.00I,999.9,000000
722286,93806,20080711,79.7,24,71.1,24,1018.7,17,9999.9,0,7.2,24,2.7,24,9.9,999.9,96.1,70.0,0.08G,999.9,010000
722286,93806,20080712,82.1,24,72.1,24,1018.0,21,9999.9,0,7.7,24,2.2,24,7.0,999.9,96.8*,71.6*,0.16G,999.9,110000
722286,93806,20080713,83.1,24,71.1,24,1013.3,21,9999.9,0,8.1,24,5.6,24,23.9,28.9,96.8*,73.4*,0.53G,999.9,010000
722286,93806,20080714,83.0,24,63.4,24,1012.8,24,9999.9,0,10.0,24,5.6,24,11.1,14.0,93.2*,73.4*,0.00G,999.9,000000
722286,93806,20080715,79.6,24,55.9,24,1015.5,24,9999.9,0,10.0,24,5.3,24,12.0,999.9,96.1,63.0,0.00I,999.9,000000
722286,93806,20080716,80.9,24,64.4,24,1018.0,24,9999.9,0,8.2,24,3.5,24,12.0,19.0,96.1,70.0,0.00I,999.9,000000
722286,93806,20080717,80.7,24,65.6,24,1018.4,23,9999.9,0,6.1,24,2.1,24,6.0,999.9,96.1,69.1,0.00H,999.9,010000
722286,93806,20080718,81.3,24,65.2,24,1016.8,21,9999.9,0,4.4,24,1.9,24,7.0,999.9,96.8*,69.8*,0.01G,999.9,100000
722286,93806,20080719,82.9,24,65.0,24,1016.6,17,9999.9,0,4.4,24,2.2,24,8.0,999.9,98.6*,68.0*,0.00G,999.9,000000
722286,93806,20080720,83.7,24,65.4,24,1017.4,23,9999.9,0,4.9,24,2.7,24,15.9,23.9,100.0,68.0,0.02A,999.9,000000
722286,93806,20080721,85.2,24,67.5,24,1015.8,24,9999.9,0,5.5,24,2.5,24,8.9,999.9,102.2*,71.6*,0.06G,999.9,000000
722286,93806,20080722,85.3,24,68.4,24,1015.4,23,9999.9,0,6.5,24,5.3,24,19.0,28.9,100.0,75.0,0.00G,999.9,000000
722286,93806,20080723,79.8,24,69.1,24,1016.2,23,9999.9,0,8.2,24,5.8,24,15.0,999.9,96.8*,71.6*,0.06G,999.9,000000
722286,93806,20080724,78.5,24,70.8,24,1016.9,17,9999.9,0,7.5,24,3.4,24,11.1,15.0,91.9,71.1,0.32G,999.9,110000
722286,93806,20080725,81.3,24,71.5,24,1018.1,17,9999.9,0,6.6,24,2.2,24,11.1,999.9,96.1,71.1,0.00G,999.9,100000
722286,93806,20080726,79.6,24,72.6,24,1017.1,19,9999.9,0,8.8,24,2.5,24,9.9,999.9,88.0,73.0,0.77C,999.9,110010
722286,93806,20080727,81.7,24,72.4,24,1013.5,18,9999.9,0,6.9,24,2.6,24,9.9,999.9,95.0,73.9,0.00I,999.9,000010
722286,93806,20080728,81.3,24,68.4,24,1012.5,24,9999.9,0,9.5,24,2.1,24,6.0,999.9,96.8*,69.8*,0.00I,999.9,000000
722286,93806,20080729,84.5,24,72.0,24,1012.9,22,9999.9,0,7.8,24,3.1,24,12.0,21.0,98.1,75.9,0.00I,999.9,000010
722286,93806,20080730,83.3,24,71.7,24,1012.3,20,9999.9,0,8.6,24,3.7,24,8.0,999.9,95.0,73.9,0.00I,999.9,000010
722286,93806,20080731,83.9,24,72.1,24,1011.0,22,9999.9,0,8.6,24,5.3,24,9.9,15.0,93.2*,75.2*,0.00I,999.9,000000
722286,93806,20080801,80.8,24,72.7,24,1012.5,20,9999.9,0,7.4,24,2.1,24,12.0,21.0,93.0,75.0,0.13G,999.9,010010
722286,93806,20080802,84.1,24,72.1,24,1012.1,18,9999.9,0,7.0,24,2.7,24,18.1,25.1,96.8*,71.6*,0.00G,999.9,100010
722286,93806,20080803,82.6,24,67.2,24,1012.8,22,9999.9,0,9.4,24,3.8,24,14.0,22.9,98.6*,71.6*,0.00I,999.9,000010
722286,93806,20080804,85.1,24,68.9,24,1015.3,24,9999.9,0,9.0,24,3.7,24,8.9,999.9,97.0,73.0,0.00I,999.9,000000
722286,93806,20080805,84.4,24,69.2,24,1017.6,23,9999.9,0,8.9,24,1.8,24,7.0,999.9,98.1,73.0,0.00I,999.9,000000
722286,93806,20080806,85.6,24,69.3,24,1017.8,24,9999.9,0,9.5,24,3.1,24,12.0,999.9,98.6*,71.6*,0.00I,999.9,000000
722286,93806,20080807,81.0,24,70.2,24,1015.1,21,9999.9,0,8.8,24,3.5,24,21.0,32.1,95.0,71.1,0.21B,999.9,010010
722286,93806,20080808,79.3,24,63.9,24,1013.2,21,9999.9,0,9.1,24,5.7,24,12.0,16.9,91.4*,71.6*,0.00I,999.9,000000
722286,93806,20080809,75.9,24,55.9,24,1013.4,24,9999.9,0,9.9,24,4.4,24,9.9,15.9,90.0,57.9,0.00I,999.9,000000
722286,93806,20080810,71.7,24,62.2,24,1013.4,24,9999.9,0,9.6,24,1.7,24,8.0,999.9,82.9,64.0,0.03A,999.9,010000
722286,93806,20080811,73.8,24,65.5,24,1013.2,24,9999.9,0,8.7,24,1.2,24,5.1,999.9,84.2*,69.8*,0.00H,999.9,010000
722286,93806,20080812,73.7,24,70.1,24,1010.7,12,9999.9,0,5.0,24,1.7,24,8.0,999.9,78.8*,69.8*,0.08G,999.9,010000
722286,93806,20080813,74.8,24,68.1,24,1008.0,17,9999.9,0,6.8,24,4.2,24,8.0,999.9,84.9,71.1,1.88G,999.9,010000
722286,93806,20080814,76.6,24,64.0,24,1011.9,15,9999.9,0,6.0,24,1.8,24,8.9,999.9,91.0,63.0,0.00G,999.9,100000
722286,93806,20080815,76.8,24,65.2,24,1015.2,17,9999.9,0,5.1,24,1.2,24,5.1,999.9,89.6*,64.4*,0.00I,999.9,100000
722286,93806,20080816,78.4,24,65.4,24,1016.5,24,9999.9,0,7.2,24,4.2,24,12.0,999.9,89.1,69.1,0.00I,999.9,000000
722286,93806,20080817,79.4,24,63.3,24,1015.1,24,9999.9,0,8.4,24,2.6,24,7.0,999.9,89.6*,69.8*,0.00I,999.9,000000
722286,93806,20080818,77.2,24,65.5,24,1013.6,24,9999.9,0,7.1,24,2.0,24,12.0,999.9,90.0,66.0,0.00H,999.9,010010
722286,93806,20080819,80.3,24,67.0,24,1013.7,19,9999.9,0,6.0,24,3.0,24,11.1,15.9,93.2*,69.8*,0.00I,999.9,100000
722286,93806,20080820,81.4,24,67.8,24,1014.1,24,9999.9,0,8.1,24,3.6,24,8.0,14.0,93.0,73.0,0.00A,999.9,000000
722286,93806,20080821,79.0,24,70.6,24,1015.8,22,9999.9,0,7.8,24,3.0,24,8.9,999.9,89.1,73.0,0.11G,999.9,010000
722286,93806,20080822,81.3,24,67.7,24,1016.6,24,9999.9,0,8.7,24,4.3,24,8.0,15.0,93.0,70.0,0.00G,999.9,000000
722286,93806,20080823,76.5,24,67.1,24,1015.2,21,9999.9,0,7.1,24,9.0,24,14.0,999.9,86.0*,71.6*,0.01G,999.9,010000
722286,93806,20080824,76.4,24,70.4,24,1007.9,18,9999.9,0,6.6,24,12.0,24,26.0,34.0,84.2*,71.6*,1.98G,999.9,010000
722286,93806,20080825,75.8,24,71.7,24,1007.9,15,9999.9,0,6.8,24,7.4,24,13.0,19.0,80.1,73.0,0.39G,999.9,010010
722286,93806,20080826,75.2,24,71.4,24,1004.9,8,9999.9,0,6.9,24,5.2,24,11.1,999.9,80.6*,73.4*,0.74G,999.9,010000
722286,93806,20080827,77.7,24,69.4,24,1011.0,19,9999.9,0,7.7,24,3.9,24,8.9,999.9,89.1,71.1,0.43G,999.9,010000
722286,93806,20080828,79.6,24,68.7,24,1011.9,14,9999.9,0,4.4,24,1.5,24,7.0,999.9,91.4*,69.8*,0.00G,999.9,100000
722286,93806,20080829,79.8,24,69.3,24,1013.0,16,9999.9,0,5.0,24,1.8,24,7.0,999.9,91.4*,68.0*,0.00I,999.9,100010
722286,93806,20080830,80.9,24,70.1,24,1014.2,23,9999.9,0,5.9,24,2.3,24,8.9,999.9,91.4*,69.8*,0.00I,999.9,000000
722286,93806,20080831,82.0,24,70.0,24,1014.7,24,9999.9,0,7.5,24,4.5,24,11.1,14.0,91.4*,75.2*,0.00A,999.9,000000
722286,93806,20080901,82.3,24,70.3,24,1013.3,23,9999.9,0,10.0,24,8.6,24,15.9,21.0,88.0,78.1,0.00I,999.9,000000
722286,93806,20080902,82.7,24,70.8,24,1013.6,19,9999.9,0,10.0,24,9.1,24,12.0,20.0,87.8*,78.8*,0.00I,999.9,000000
722286,93806,20080903,80.4,24,67.5,24,1013.2,24,9999.9,0,9.3,24,6.4,24,9.9,15.0,84.0,77.0,0.00H,999.9,010000
722286,93806,20080904,79.3,24,69.2,24,1010.3,22,9999.9,0,8.4,24,7.6,24,15.0,22.9,87.8*,73.4*,0.01G,999.9,010010
722286,93806,20080905,79.3,24,72.0,24,1009.9,20,9999.9,0,8.1,24,3.7,24,8.0,999.9,89.1,75.0,0.25G,999.9,010000
722286,93806,20080906,76.9,24,69.0,24,1012.9,21,9999.9,0,9.7,24,5.0,24,8.9,999.9,84.2*,73.4*,0.00G,999.9,000000
722286,93806,20080907,74.8,24,64.4,24,1017.6,22,9999.9,0,6.5,24,3.2,24,7.0,999.9,87.8*,62.6*,0.00I,999.9,100000
722286,93806,20080908,77.8,24,67.0,24,1017.4,21,9999.9,0,7.5,24,1.8,24,6.0,999.9,91.4*,64.4*,0.01B,999.9,010000
722286,93806,20080909,77.4,24,68.2,24,1016.2,24,9999.9,0,9.1,24,3.7,24,13.0,999.9,87.1,68.0,0.00I,999.9,000000
722286,93806,20080910,78.0,24,70.5,24,1016.0,21,9999.9,0,7.3,24,3.7,24,13.0,999.9,91.0,69.1,0.02A,999.9,010000
722286,93806,20080911,80.4,24,70.8,24,1016.5,20,9999.9,0,9.4,24,5.2,24,8.9,15.9,91.9,72.0,0.00I,999.9,000000
722286,93806,20080912,83.3,23,71.4,23,1016.0,21,9999.9,0,10.0,23,7.7,23,11.1,15.9,91.0,78.1,0.00I,999.9,000000
722286,93806,20080913,82.8,24,69.6,24,1013.8,24,9999.9,0,10.0,24,7.6,24,14.0,19.0,93.0,75.0,0.00I,999.9,000000
722286,93806,20080914,81.6,24,70.8,24,1012.1,22,9999.9,0,9.6,24,9.9,24,14.0,19.0,87.8*,75.2*,0.08A,999.9,010000
722286,93806,20080915,74.1,24,66.3,24,1015.8,16,9999.9,0,9.2,24,5.1,24,9.9,999.9,81.0,71.1,0.07D,999.9,010000
722286,93806,20080916,69.8,24,57.0,24,1019.2,24,9999.9,0,8.6,24,4.6,24,9.9,999.9,82.0,62.1,0.00I,999.9,000000
722286,93806,20080917,70.3,23,57.5,23,1019.4,23,9999.9,0,8.7,23,2.6,23,11.1,999.9,84.2*,60.8*,0.00I,999.9,000000
722286,93806,20080918,71.1,24,61.3,24,1019.8,19,9999.9,0,5.8,24,3.1,24,8.9,999.9,82.4*,60.8*,0.00I,999.9,100000
722286,93806,20080919,73.0,24,62.3,24,1019.8,24,9999.9,0,7.0,24,3.9,24,8.9,14.0,82.9,64.0,0.00I,999.9,000000
722286,93806,20080920,72.0,24,60.8,24,1020.2,23,9999.9,0,8.5,24,4.5,24,8.9,999.9,77.0,66.0,0.01G,999.9,010010
722286,93806,20080921,71.2,24,60.0,24,1021.4,22,9999.9,0,7.6,24,3.4,24,6.0,999.9,80.6*,64.4*,0.16G,999.9,000000
722286,93806,20080922,71.6,24,58.9,24,1022.7,22,9999.9,0,8.5,24,2.3,24,7.0,999.9,86.0*,57.2*,0.00G,999.9,000000
722286,93806,20080923,71.7,24,58.5,24,1022.9,22,9999.9,0,8.8,24,2.8,24,8.0,999.9,87.1,59.0,0.00I,999.9,100000
722286,93806,20080924,71.4,24,55.8,24,1022.9,24,9999.9,0,8.4,24,4.1,24,9.9,999.9,84.2*,60.8*,0.00I,999.9,000000
722286,93806,20080925,67.9,24,51.8,24,1019.8,18,9999.9,0,6.6,24,3.3,24,12.0,15.9,84.9,53.1,0.00I,999.9,100000
722286,93806,20080926,65.7,23,49.1,23,1014.9,18,9999.9,0,7.8,23,3.0,23,8.9,999.9,84.9,48.0,0.00I,999.9,100000
722286,93806,20080927,66.9,20,54.1,20,1013.4,20,9999.9,0,9.1,20,2.4,20,9.9,999.9,84.2*,53.6*,0.00I,999.9,000000
722286,93806,20080928,73.8,20,59.6,20,1016.2,11,9999.9,0,6.3,20,2.5,20,8.9,999.9,87.8*,57.2*,0.00I,999.9,100000
722286,93806,20080929,72.2,22,58.8,22,1016.2,20,9999.9,0,7.4,22,1.3,22,7.0,999.9,90.0,57.0,0.00I,999.9,100000
722286,93806,20080930,68.9,20,56.8,20,1014.0,14,9999.9,0,6.5,20,2.4,20,8.9,999.9,88.0,53.1,0.00I,999.9,100000
722286,93806,20081001,66.3,24,50.3,24,1013.8,24,9999.9,0,9.3,24,5.6,24,12.0,15.9,77.0,51.1,0.00I,999.9,000000
722286,93806,20081002,64.0,24,49.7,24,1014.2,23,9999.9,0,9.2,24,2.8,24,8.9,999.9,81.0,46.0,0.00I,999.9,000000
722286,93806,20081003,66.0,24,53.2,24,1015.5,20,9999.9,0,8.5,24,1.9,24,7.0,999.9,82.4*,51.8*,0.00H,999.9,010000
722286,93806,20081004,65.9,24,52.3,24,1019.6,24,9999.9,0,8.8,24,1.6,24,9.9,999.9,86.0,48.9,0.00I,999.9,000000
722286,93806,20081005,68.5,24,53.6,24,1021.2,20,9999.9,0,7.3,24,2.2,24,8.0,999.9,87.1,53.1,0.00I,999.9,000000
722286,93806,20081006,69.6,24,54.4,24,1020.3,24,9999.9,0,8.4,24,3.4,24,9.9,999.9,87.1,54.0,0.00I,999.9,000000
722286,93806,20081007,75.9,22,63.7,22,1018.2,22,9999.9,0,9.5,22,6.3,22,12.0,15.0,82.4*,69.8*,0.12B,999.9,010010
722286,93806,20081008,74.5,24,65.8,24,1012.7,20,9999.9,0,9.4,24,5.6,24,14.0,22.0,82.9,69.1,0.55G,999.9,010010
722286,93806,20081009,70.9,24,62.0,24,1014.2,22,9999.9,0,8.9,24,5.4,24,9.9,999.9,82.4*,66.2*,0.04G,999.9,010000
722286,93806,20081010,70.0,24,60.8,24,1016.5,21,9999.9,0,7.8,24,1.2,24,7.0,999.9,82.4*,57.2*,0.00G,999.9,100000
722286,93806,20081011,70.2,24,62.0,24,1020.5,22,9999.9,0,7.1,24,1.8,24,11.1,999.9,79.0,61.0,0.00I,999.9,000000
722286,93806,20081012,70.0,24,61.9,24,1022.1,24,9999.9,0,9.8,24,2.7,24,8.9,14.0,73.9,61.0,0.00I,999.9,000000
722286,93806,20081013,74.1,24,63.9,24,1024.3,16,9999.9,0,10.0,24,4.5,24,11.1,15.9,81.0,68.0,0.00I,999.9,000000
722286,93806,20081014,73.5,24,61.1,24,1023.5,24,9999.9,0,9.2,24,3.7,24,8.0,999.9,84.9,64.0,0.00I,999.9,000000
722286,93806,20081015,68.6,24,58.4,24,1021.4,19,9999.9,0,7.2,24,0.5,24,7.0,999.9,84.9,54.0,0.00I,999.9,100000
722286,93806,20081016,69.0,24,59.1,24,1020.1,18,9999.9,0,6.8,24,0.9,24,6.0,999.9,86.0,54.0,0.01G,999.9,100000
722286,93806,20081017,65.4,24,59.4,24,1019.2,19,9999.9,0,8.1,24,3.3,24,8.0,999.9,77.0,57.0,0.14G,999.9,010000
722286,93806,20081018,57.5,24,45.8,24,1021.2,15,9999.9,0,7.1,24,4.0,24,13.0,18.1,73.0,44.1,0.42G,999.9,100000
722286,93806,20081019,56.2,24,43.0,24,1024.5,24,9999.9,0,10.0,24,3.1,24,8.9,999.9,71.1,44.1,0.00G,999.9,000000
722286,93806,20081020,55.5,24,43.5,24,1025.4,20,9999.9,0,6.9,24,0.4,24,5.1,999.9,72.0,41.0,0.00I,999.9,100000
722286,93806,20081021,56.8,24,45.5,24,1023.6,20,9999.9,0,7.5,24,0.2,24,4.1,999.9,75.2*,42.8*,0.00I,999.9,100000
722286,93806,20081022,61.0,24,49.6,24,1021.1,19,9999.9,0,7.1,24,2.5,24,8.9,999.9,78.8*,48.2*,0.00I,999.9,000000
722286,93806,20081023,63.9,24,48.3,24,1022.3,24,9999.9,0,10.0,24,7.5,24,13.0,21.0,71.1,59.0,0.00A,999.9,000000
722286,93806,20081024,61.1,24,54.0,24,1018.4,16,9999.9,0,8.8,24,3.6,24,12.0,18.1,66.2*,55.4*,0.27B,999.9,010000
722286,93806,20081025,55.5,24,45.9,24,1017.8,20,9999.9,0,5.1,24,2.0,24,9.9,15.9,69.8*,46.4*,0.00I,999.9,100000
722286,93806,20081026,53.2,24,44.0,24,1019.0,18,9999.9,0,6.3,24,0.8,24,7.0,999.9,75.9,36.0,0.00I,999.9,100000
722286,93806,20081027,54.9,24,32.9,24,1024.7,24,9999.9,0,9.5,24,8.3,24,15.0,23.9,63.0,48.0,0.00I,999.9,000000
722286,93806,20081028,43.7,24,26.8,24,1030.4,24,9999.9,0,10.0,24,2.4,24,11.1,19.0,55.4*,30.2*,0.00I,999.9,000000
722286,93806,20081029,42.6,24,28.2,24,1028.8,23,9999.9,0,9.3,24,1.2,24,8.0,999.9,63.0,27.0,0.00I,999.9,000000
722286,93806,20081030,48.3,24,32.8,24,1030.3,24,9999.9,0,9.8,24,0.0,24,999.9,999.9,71.1,30.9,0.00I,999.9,000000
722286,93806,20081031,51.9,23,37.0,23,1032.8,23,9999.9,0,9.7,23,0.3,23,5.1,999.9,71.6*,35.6*,0.00I,999.9,000000
722286,93806,20081101,52.4,24,37.9,24,1029.2,24,9999.9,0,8.4,24,0.3,24,6.0,999.9,73.9,35.1,0.00I,999.9,000000
722286,93806,20081102,53.4,24,38.9,24,1025.3,22,9999.9,0,7.9,24,0.0,24,999.9,999.9,77.0,35.1,0.00I,999.9,000000
722286,93806,20081103,55.1,21,43.3,21,1025.0,15,9999.9,0,7.9,21,1.0,21,6.0,999.9,75.2*,39.2*,0.00I,999.9,000000
722286,93806,20081104,66.9,8,51.3,8,9999.9,0,9999.9,0,9.8,8,2.5,8,5.1,999.9,75.2*,59.0*,0.00I,999.9,000000
722286,93806,20081105,71.4,8,47.3,8,1017.3,6,9999.9,0,10.0,8,0.0,8,999.9,999.9,78.1,60.1,0.00I,999.9,000000
722286,93806,20081106,56.9,24,46.3,24,1017.0,19,9999.9,0,7.2,24,1.6,24,11.1,15.9,78.1,39.0,0.01B,999.9,100000
722286,93806,20081107,59.3,24,50.6,24,1014.7,20,9999.9,0,9.6,24,1.3,24,12.0,999.9,68.0,51.1,0.01A,999.9,000000
722286,93806,20081108,50.3,24,35.0,24,1013.5,18,9999.9,0,7.0,24,3.8,24,15.0,22.0,70.0,30.9,0.00I,999.9,100000
722286,93806,20081109,45.1,24,30.5,24,1017.1,24,9999.9,0,9.7,24,2.5,24,8.9,14.0,59.0,30.0,0.00I,999.9,000000
722286,93806,20081110,43.7,23,28.9,23,1022.4,23,9999.9,0,9.5,23,1.1,23,8.0,999.9,66.9,28.0,0.00I,999.9,000000
722286,93806,20081111,51.3,24,35.4,24,1022.0,24,9999.9,0,10.0,24,1.0,24,7.0,999.9,66.9,35.1,0.00I,999.9,000000
722286,93806,20081112,60.0,24,44.7,24,1018.2,23,9999.9,0,10.0,24,5.2,24,13.0,19.0,66.9,55.0,0.00A,999.9,000000
722286,93806,20081113,64.4,24,58.8,24,1014.1,14,9999.9,0,5.8,24,0.7,24,6.0,999.9,70.0,60.1,0.17G,999.9,110000
722286,93806,20081114,63.0,24,57.5,24,1009.6,12,9999.9,0,4.9,24,1.7,24,8.9,999.9,78.1,51.1,0.01G,999.9,110000
722286,93806,20081115,54.9,24,46.9,24,1013.8,15,9999.9,0,8.6,24,7.5,24,21.0,29.9,66.2*,44.6*,0.96G,999.9,010010
722286,93806,20081116,43.7,23,27.8,23,1024.5,23,9999.9,0,10.0,23,4.9,23,9.9,15.9,51.8*,37.4*,0.00G,999.9,000000
722286,93806,20081117,42.8,15,31.5,15,1025.5,9,9999.9,0,9.5,15,1.4,15,6.0,999.9,64.4*,30.2*,0.00I,999.9,000000
722286,93806,20081118,46.2,9,19.0,9,1031.3,6,9999.9,0,10.0,9,7.8,9,12.0,18.1,50.0,34.0,0.00I,999.9,000000
722286,93806,20081119,37.2,24,19.6,24,1028.8,24,9999.9,0,9.9,23,2.5,24,8.9,999.9,57.9,23.0,0.00I,999.9,000000
722286,93806,20081120,45.4,23,30.8,23,1021.2,23,9999.9,0,9.8,23,2.0,23,8.9,999.9,68.0,28.9,0.00I,999.9,000000
722286,93806,20081121,41.8,24,19.8,24,1030.0,24,9999.9,0,9.7,24,9.4,24,14.0,19.0,57.9,32.0,0.00I,999.9,000000
722286,93806,20081122,33.8,24,15.0,24,1035.0,24,9999.9,0,9.5,24,1.6,24,8.9,999.9,53.1,19.0,0.00I,999.9,000000
722286,93806,20081123,49.6,24,24.1,24,1030.0,23,9999.9,0,10.0,24,1.1,24,6.0,999.9,57.2*,44.6*,0.00H,999.9,010000
722286,93806,20081124,56.9,24,44.8,24,1023.8,19,9999.9,0,8.8,24,4.4,24,14.0,22.0,64.4*,51.8*,0.63C,999.9,110000
722286,93806,20081125,46.0,24,32.8,24,1022.9,20,9999.9,0,6.4,24,3.6,24,8.9,15.9,60.8*,28.4*,0.00H,999.9,110000
722286,93806,20081126,39.9,24,30.3,24,1022.4,24,9999.9,0,9.8,24,1.0,24,8.0,999.9,57.2*,28.4*,0.00I,999.9,000000
722286,93806,20081127,46.0,24,38.5,24,1019.4,23,9999.9,0,8.8,24,0.6,24,7.0,999.9,69.1,30.9,0.00I,999.9,000000
722286,93806,20081128,57.6,24,53.6,24,1015.0,16,9999.9,0,4.3,24,0.3,24,5.1,999.9,62.6*,48.2*,0.18B,999.9,110000
722286,93806,20081129,57.9,24,55.3,24,1007.0,7,9999.9,0,3.1,24,2.3,24,9.9,999.9,60.8*,55.4*,0.67G,999.9,010000
722286,93806,20081130,53.9,24,46.8,24,999.2,17,9999.9,0,6.4,24,4.2,24,15.0,19.0,57.9,46.0,0.07G,999.9,010000
722286,93806,20081201,41.1,24,29.9,24,1011.2,20,9999.9,0,10.0,24,8.1,24,19.0,25.1,46.9,35.1,0.00G,999.9,000000
722286,93806,20081202,39.4,24,27.5,24,1024.4,21,9999.9,0,8.6,24,1.5,24,8.9,999.9,51.1,26.1,0.00I,999.9,100000
722286,93806,20081203,42.3,24,31.1,24,1024.0,24,9999.9,0,9.2,24,4.1,24,15.0,20.0,64.0,26.1,0.00I,999.9,000000
722286,93806,20081204,52.0,24,45.4,24,1022.3,18,9999.9,0,7.7,24,6.0,24,12.0,14.0,61.0,39.0,0.21G,999.9,010000
722286,93806,20081205,35.4,24,22.9,24,1029.6,24,9999.9,0,10.0,24,7.0,24,11.1,15.9,46.0,28.0,0.42G,999.9,000000
722286,93806,20081206,34.2,24,21.5,24,1021.5,24,9999.9,0,9.8,24,0.9,24,8.0,999.9,50.0,23.0,0.00G,999.9,000000
722286,93806,20081207,35.1,24,21.7,24,1024.0,24,9999.9,0,9.4,24,1.6,24,9.9,999.9,50.0,23.0,0.00I,999.9,000000
722286,93806,20081208,39.1,24,23.2,24,1024.4,21,9999.9,0,9.9,24,2.9,24,9.9,999.9,59.0,25.0,0.00I,999.9,000000
722286,93806,20081209,59.7,24,41.4,24,1016.3,24,9999.9,0,10.0,24,7.8,24,16.9,22.9,73.4*,51.8*,0.00I,999.9,000000
722286,93806,20081210,62.4,24,58.2,24,1010.9,15,9999.9,0,7.0,24,8.0,24,18.1,23.9,71.6*,51.8*,1.45D,999.9,010010
722286,93806,20081211,46.3,24,43.0,24,1007.6,13,9999.9,0,7.2,24,9.7,24,21.0,26.0,51.8*,39.2*,1.18D,999.9,010010
722286,93806,20081212,39.7,24,28.4,24,1020.8,24,9999.9,0,10.0,24,6.7,24,15.0,19.0,51.1,28.9,0.00I,999.9,000000
722286,93806,20081213,36.1,24,25.0,24,1027.0,24,9999.9,0,9.6,24,2.2,24,8.9,999.9,50.0*,24.8*,0.00H,999.9,001000
722286,93806,20081214,46.9,24,34.9,24,1024.0,23,9999.9,0,9.8,24,4.4,24,11.1,16.9,61.0,36.0,0.00H,999.9,010000
722286,93806,20081215,60.4,24,52.5,24,1023.2,21,9999.9,0,9.6,24,4.0,24,11.1,999.9,66.0,57.0,0.00H,999.9,010000
722286,93806,20081216,49.7,24,46.5,24,1023.9,18,9999.9,0,6.4,24,4.6,24,12.0,999.9,62.6*,44.6*,0.39G,999.9,110000
722286,93806,20081217,55.9,24,53.1,24,1022.0,13,9999.9,0,2.3,24,1.4,24,8.0,999.9,66.0,51.1,0.03G,999.9,110000
722286,93806,20081218,60.5,24,57.7,24,1024.6,14,9999.9,0,5.9,24,0.7,24,5.1,999.9,68.0,57.0,0.20G,999.9,110000
722286,93806,20081219,65.7,24,59.5,24,1019.9,18,9999.9,0,6.3,24,5.6,24,15.0,19.0,78.8*,55.4*,0.00G,999.9,110000
722286,93806,20081220,68.7,24,60.4,24,1014.9,22,9999.9,0,9.6,24,6.0,24,14.0,18.1,75.2*,64.4*,0.00I,999.9,000000
722286,93806,20081221,50.4,24,34.9,24,1019.3,20,9999.9,0,9.8,24,10.3,24,15.0,20.0,69.8*,37.4*,0.05G,999.9,011000
722286,93806,20081222,28.6,24,5.2,24,1032.6,24,9999.9,0,9.7,24,8.9,24,15.9,20.0,37.9,19.9,0.00G,999.9,001000
722286,93806,20081223,39.6,24,17.7,24,1030.0,23,9999.9,0,9.8,24,6.6,24,11.1,999.9,53.6*,28.4*,0.00A,999.9,000000
722286,93806,20081224,62.5,24,51.6,24,1021.2,22,9999.9,0,8.8,24,11.3,24,20.0,30.9,75.2*,53.6*,0.42B,999.9,010000
722286,93806,20081225,56.1,24,50.2,24,1024.9,23,9999.9,0,9.0,24,4.3,24,8.9,999.9,59.0,50.0,0.20C,999.9,010010
722286,93806,20081226,62.8,24,57.2,24,1023.8,18,9999.9,0,8.2,24,3.7,24,8.9,999.9,72.0,55.0,0.00A,999.9,000000
722286,93806,20081227,70.3,24,61.4,24,1020.8,22,9999.9,0,10.0,24,10.2,24,15.0,22.9,73.4*,66.2*,0.00I,999.9,000000
722286,93806,20081228,58.1,24,50.5,24,1022.5,18,9999.9,0,9.4,24,8.2,24,15.0,20.0,71.6*,48.2*,0.36G,999.9,010000
722286,93806,20081229,49.8,24,33.2,24,1025.4,24,9999.9,0,10.0,24,2.7,24,7.0,999.9,63.0,37.0,0.00G,999.9,000000
722286,93806,20081230,44.3,24,30.4,24,1022.9,24,9999.9,0,10.0,24,2.1,24,7.0,999.9,64.9,30.0,0.00A,999.9,000000
722286,93806,20081231,44.4,24,28.9,24,1021.0,24,9999.9,0,10.0,24,6.3,24,15.9,22.0,54.0,32.0,0.00I,999.9,000000
