703610,25339,20100101,13.9,24,10.9,24,1006.3,24,1005.3,23,10.0,24,0.2,24,2.9,999.9,37.4*,10.0*,0.00G,1.2,010000
703610,25339,20100102,22.6,24,11.9,24,1011.9,24,1011.0,24,10.0,24,4.9,24,6.0,999.9,25.0,10.0,0.00G,1.2,000000
703610,25339,20100103,26.6,24,21.9,24,1020.3,9,1020.3,24,5.7,24,6.5,24,11.1,14.0,28.9,17.1,0.03G,3.9,001000
703610,25339,20100104,16.7,24,13.9,24,1026.1,24,1025.0,24,10.0,24,0.9,24,4.1,999.9,28.9,8.1,0.10G,3.9,000000
703610,25339,20100105,13.5,24,10.9,24,1020.7,24,1019.6,24,9.7,24,0.3,24,4.1,999.9,24.1,9.0,0.00G,3.9,000000
703610,25339,20100106,25.7,24,22.9,24,1013.4,21,1012.1,24,9.1,24,2.1,24,6.0,999.9,37.0,9.0,0.00G,3.1,010000
703610,25339,20100107,38.5,24,36.8,24,1007.8,23,1006.8,24,8.2,24,5.0,24,7.0,999.9,41.0*,35.6*,0.42G,1.2,010000
703610,25339,20100108,38.1,24,36.4,24,997.5,24,996.4,24,9.6,24,3.2,24,18.1,33.0,45.0,33.1,0.81G,1.2,010000
703610,25339,20100109,37.0,24,35.1,24,997.8,23,996.9,24,9.1,24,4.5,24,17.1,30.9,45.0,30.9,0.64G,1.2,010000
703610,25339,20100110,36.6,24,32.7,24,994.1,23,993.4,24,9.4,24,4.3,24,12.0,19.0,42.1,32.0,0.02G,1.2,010000
703610,25339,20100111,33.7,24,27.5,24,981.1,16,979.9,24,6.3,24,11.3,24,15.0,22.9,37.9*,28.4*,0.22G,5.9,111000
703610,25339,20100112,30.2,24,27.4,24,981.7,10,981.3,24,3.0,24,10.9,24,15.9,25.1,32.0*,28.4*,0.43G,11.0,101000
703610,25339,20100113,29.9,24,27.3,24,994.0,14,992.6,24,8.0,24,6.8,24,13.0,18.1,33.8*,26.6*,0.24G,13.0,011000
703610,25339,20100114,34.0,24,32.7,24,997.8,10,997.6,24,5.7,24,4.5,24,7.0,999.9,37.0,28.0,0.20G,9.1,010000
703610,25339,20100115,31.6,24,30.7,24,991.5,13,990.0,24,7.2,24,1.7,24,6.0,999.9,37.0,28.0,0.04G,7.9,111000
703610,25339,20100116,35.7,24,34.1,24,982.6,10,984.5,24,5.4,24,10.5,24,21.0,35.0,39.0,28.2,0.47G,5.1,011000
703610,25339,20100117,36.5,24,35.2,24,979.2,14,978.0,24,8.5,24,6.2,24,15.0,32.1,39.0,33.1,1.15G,3.9,011000
703610,25339,20100118,31.9,24,30.9,24,982.7,16,982.3,24,8.7,24,0.7,24,4.1,999.9,37.9,27.0,0.14G,3.9,010000
703610,25339,20100119,32.9,24,30.7,24,984.2,18,983.5,24,8.2,24,2.8,24,7.0,999.9,35.1,27.0,0.09G,5.1,111000
703610,25339,20100120,27.6,24,26.3,24,984.2,23,983.0,24,8.5,24,0.5,24,5.1,999.9,35.1,21.9,0.37G,3.9,100000
703610,25339,20100121,32.7,24,31.6,24,985.6,24,984.5,24,9.8,24,0.8,24,8.0,999.9,39.0,23.0,0.00G,3.9,010000
703610,25339,20100122,31.5,24,28.9,24,995.7,24,994.5,24,9.4,24,1.3,24,8.0,999.9,39.0,27.0,0.01G,1.2,010000
703610,25339,20100123,23.2,24,21.4,24,1004.6,23,1003.1,24,8.7,24,0.3,24,4.1,999.9,35.1,18.0,0.00G,3.9,100000
703610,25339,20100124,29.6,24,26.0,24,1010.6,24,1009.5,24,10.0,24,1.2,24,8.0,999.9,41.0,19.0,0.00G,3.9,000000
703610,25339,20100125,26.7,24,23.6,24,1003.6,24,1002.6,24,10.0,24,0.2,24,2.9,999.9,41.0,19.9,0.00G,3.1,000000
703610,25339,20100126,25.6,24,22.4,24,1006.0,24,1005.0,24,10.0,24,0.0,24,999.9,999.9,32.0,17.1,0.00G,3.1,000000
703610,25339,20100127,34.3,24,29.9,24,1009.0,23,1008.3,24,9.7,24,4.0,24,8.0,999.9,41.0,17.1,0.26G,3.1,011000
703610,25339,20100128,38.7,24,31.8,24,1002.6,24,1001.5,24,8.8,24,6.8,24,13.0,22.0,43.0,32.0,0.20G,3.1,010000
703610,25339,20100129,33.5,24,32.0,24,1008.4,24,1007.4,24,10.0,24,1.0,24,6.0,999.9,43.0,28.0,0.74G,3.1,010000
703610,25339,20100130,36.5,24,35.2,24,1008.3,24,1007.2,24,9.6,24,1.6,24,5.1,999.9,39.9,28.9,0.02G,2.0,010000
703610,25339,20100131,37.2,24,35.9,24,1011.2,16,1010.2,24,9.4,24,1.3,24,4.1,999.9,39.9,34.0,0.24G,2.0,010000
703610,25339,20100201,36.2,24,35.7,24,1012.7,7,1011.9,24,4.8,24,0.1,24,2.9,999.9,39.9,35.1,0.02G,2.0,110000
703610,25339,20100202,35.3,24,34.8,24,1012.1,7,1011.1,24,3.3,24,0.4,24,2.9,999.9,37.4*,32.0*,0.13G,2.0,110000
703610,25339,20100203,33.0,24,32.1,24,1008.1,5,1007.2,24,4.8,24,0.2,24,6.0,999.9,37.4*,30.0*,0.05G,3.1,111000
703610,25339,20100204,33.2,24,32.0,24,1000.7,8,999.7,24,4.3,24,4.7,24,7.0,999.9,34.0,30.0,0.36G,3.9,011000
703610,25339,20100205,31.8,24,30.3,24,993.8,17,993.8,24,8.3,24,2.1,24,7.0,999.9,36.0,28.0,0.38G,3.9,011000
703610,25339,20100206,38.9,24,36.2,24,995.4,16,994.6,24,7.6,24,7.5,24,11.1,20.0,42.1,28.2,0.30G,2.0,010000
703610,25339,20100207,37.5,24,36.0,24,1000.4,13,999.4,24,6.9,24,4.6,24,8.9,17.1,42.1,33.1,1.19G,1.2,111000
703610,25339,20100208,35.6,24,33.1,24,1004.4,13,1004.9,24,7.3,24,6.7,24,24.1,40.0,39.9,32.0,0.60G,2.0,011000
703610,25339,20100209,31.1,24,27.9,24,1013.9,18,1012.2,24,7.7,24,4.1,24,8.0,999.9,33.8*,28.4*,0.20G,3.1,001000
703610,25339,20100210,34.9,24,31.8,24,1002.4,18,1002.0,24,7.4,24,5.9,24,9.9,18.1,39.9,29.1,0.25G,3.1,011000
703610,25339,20100211,34.0,24,29.8,24,995.4,24,994.4,24,10.0,24,1.5,24,8.0,15.0,42.1,30.0,0.05G,1.2,010000
703610,25339,20100212,37.5,24,33.1,24,995.7,20,994.7,24,9.8,24,4.4,24,8.0,999.9,43.0,30.2,0.09G,1.2,011000
703610,25339,20100213,34.3,24,29.3,24,998.4,24,997.3,24,9.7,24,1.7,24,7.0,999.9,48.9,28.0,0.05G,1.2,000000
703610,25339,20100214,41.8,24,32.9,24,994.9,24,993.8,24,9.5,24,6.5,24,14.0,22.9,48.9,28.9,0.04G,1.2,010000
703610,25339,20100215,39.2,24,36.3,24,1008.5,21,1008.1,24,8.1,24,9.5,24,22.0,34.0,45.0,36.0,0.18G,1.2,011000
703610,25339,20100216,37.9,24,32.9,24,1003.5,22,1002.3,24,9.7,24,3.4,24,13.0,19.0,45.0,33.1,0.26G,1.2,010000
703610,25339,20100217,38.2,24,35.9,24,1019.9,20,1017.6,24,6.9,24,7.3,24,14.0,22.0,41.0,33.1,0.83G,1.2,010000
703610,25339,20100218,37.5,24,34.4,24,1023.4,22,1022.5,24,8.9,24,3.9,24,12.0,19.0,48.9,30.0,1.58G,1.2,010000
703610,25339,20100219,33.9,24,28.3,24,1020.0,24,1019.0,24,10.0,24,0.4,24,2.9,999.9,54.0,25.0,0.00G,999.9,000000
703610,25339,20100220,33.4,24,29.2,24,1019.7,23,1018.7,24,9.2,24,0.8,24,4.1,999.9,54.0,25.0,0.00G,999.9,000000
703610,25339,20100221,35.7,24,33.8,24,1018.2,20,1017.1,24,7.8,24,0.2,24,2.9,999.9,46.0,27.0,0.00G,999.9,100000
703610,25339,20100222,31.3,24,28.1,24,1017.0,20,1016.1,24,6.9,24,1.0,24,5.1,999.9,46.0,24.1,0.00G,999.9,100000
703610,25339,20100223,32.1,24,27.1,24,1007.6,24,1006.6,24,9.7,24,1.0,24,6.0,999.9,46.0,25.0,0.00G,999.9,010000
703610,25339,20100224,34.4,24,31.8,24,996.7,22,995.8,24,10.0,24,1.4,24,6.0,999.9,43.0,25.2,0.04G,999.9,010000
703610,25339,20100225,36.5,24,33.7,24,996.2,20,995.7,24,9.7,24,1.8,24,6.0,999.9,43.0,28.2,0.10G,999.9,010000
703610,25339,20100226,36.5,24,35.0,24,1005.3,16,1004.8,24,8.9,24,1.2,24,5.1,999.9,42.8*,30.2*,0.11G,999.9,110000
703610,25339,20100227,30.9,24,27.6,24,1004.1,23,1003.2,24,8.6,24,0.9,24,5.1,999.9,42.1,23.0,0.07G,999.9,000000
703610,25339,20100228,37.6,24,31.6,24,995.2,22,994.1,24,9.1,24,7.2,24,25.1,38.1,44.1,24.1,0.09G,999.9,010000
703610,25339,20100301,40.3,24,37.4,24,990.3,17,990.1,24,8.7,24,6.5,24,13.0,24.1,44.1,35.1,0.64G,999.9,010000
703610,25339,20100302,38.2,24,34.9,24,996.7,12,994.6,24,6.7,24,7.6,24,15.0,28.0,44.1,33.1,0.97G,999.9,111000
703610,25339,20100303,36.5,24,33.9,24,998.4,10,995.9,24,6.5,24,9.1,24,20.0,31.1,41.0,32.0,0.73G,2.0,111000
703610,25339,20100304,36.2,24,31.1,24,1000.2,17,998.3,24,9.1,24,6.8,24,14.0,25.1,39.9,32.0,0.83G,1.2,011000
703610,25339,20100305,31.3,24,29.5,24,1003.6,8,1004.7,24,5.0,24,6.8,24,22.9,38.1,39.0,28.0,0.21G,5.9,111000
703610,25339,20100306,35.2,24,32.7,24,998.3,10,996.2,24,4.3,24,5.3,24,20.0,35.9,41.0,28.2,0.53G,7.9,011000
703610,25339,20100307,28.7,24,25.0,24,1001.0,14,1000.5,24,6.1,24,5.3,24,14.0,28.9,37.9,21.9,0.71G,14.2,101000
703610,25339,20100308,27.9,24,22.6,24,999.4,16,999.0,24,7.0,24,10.1,24,28.0,45.1,37.4*,19.9*,0.33G,15.0,111000
703610,25339,20100309,34.6,24,31.9,24,982.8,18,982.4,24,3.4,24,15.3,24,27.0,48.0,37.0,21.9,0.82G,13.0,111000
703610,25339,20100310,24.9,24,19.3,24,994.4,16,993.4,24,7.9,24,6.5,24,17.1,25.1,37.0,19.9,0.76G,15.0,101000
703610,25339,20100311,29.1,24,24.5,24,979.4,22,978.2,24,9.6,24,1.5,24,5.1,999.9,36.0,19.9,0.04G,14.2,001000
703610,25339,20100312,28.6,24,25.6,24,998.3,13,993.1,24,5.7,24,5.5,24,14.0,24.1,36.0,23.0,0.16G,14.2,001000
703610,25339,20100313,26.9,24,23.9,24,997.3,14,995.1,24,7.2,24,3.3,24,15.0,22.0,36.0,19.9,0.05G,16.1,101000
703610,25339,20100314,36.3,24,33.0,24,990.8,20,988.8,24,7.9,24,9.3,24,17.1,26.0,39.0,19.9,0.74G,14.2,011000
703610,25339,20100315,37.7,24,33.5,24,1004.8,18,1002.6,24,9.2,24,5.9,24,12.0,22.0,45.0*,33.8*,0.51G,11.8,011000
703610,25339,20100316,37.6,24,30.5,24,1014.2,23,1013.4,24,10.0,24,3.1,24,8.9,999.9,46.0,30.0,0.16G,11.8,010000
703610,25339,20100317,33.9,24,26.0,24,1012.6,24,1011.6,24,10.0,24,1.3,24,6.0,999.9,46.0,24.1,0.00G,11.0,000000
703610,25339,20100318,36.8,24,29.7,24,1031.2,23,1030.0,24,10.0,24,3.5,24,7.0,999.9,46.0,24.3,0.03G,11.0,010000
703610,25339,20100319,37.1,24,27.9,24,1023.3,20,1020.8,24,8.5,24,6.7,24,14.0,21.0,41.0,33.1,0.00G,11.0,111000
703610,25339,20100320,35.1,24,32.7,24,1015.3,18,1014.3,24,8.9,24,2.5,24,8.9,14.0,43.0,33.1,1.07G,11.0,011000
703610,25339,20100321,31.3,24,25.4,24,1008.9,24,1007.9,24,9.9,24,1.3,24,6.0,999.9,44.1,21.0,0.00G,9.8,000000
703610,25339,20100322,33.3,24,20.1,24,1011.1,24,1010.0,24,10.0,24,1.7,24,6.0,999.9,44.1,24.1,0.00G,9.1,001000
703610,25339,20100323,36.4,24,25.9,24,1007.8,19,1005.5,24,8.7,24,7.9,24,15.0,25.1,39.9,28.0,0.00G,9.1,011000
703610,25339,20100324,36.3,24,34.0,24,1003.0,20,1002.0,24,8.5,24,5.5,24,9.9,15.9,42.1,31.1,0.52G,7.9,011000
703610,25339,20100325,34.3,24,30.9,24,1005.7,18,1004.7,24,9.2,24,1.3,24,6.0,999.9,42.1,28.0,0.10G,7.9,110000
703610,25339,20100326,32.3,24,27.2,24,1002.5,24,1001.4,24,9.6,24,1.7,24,11.1,17.1,42.1,24.1,0.03G,7.1,011000
703610,25339,20100327,37.2,24,32.8,24,992.5,12,991.2,24,8.1,24,9.5,24,15.9,27.0,42.8*,33.1*,0.33G,7.1,011000
703610,25339,20100328,39.1,24,35.1,24,978.1,18,977.1,24,8.5,24,10.0,24,22.9,41.0,43.0,33.1,0.75G,5.1,010100
703610,25339,20100329,37.0,24,32.6,24,975.1,21,974.4,24,9.8,24,4.5,24,9.9,17.1,43.0,30.9,0.14G,3.9,010000
703610,25339,20100330,36.4,24,31.6,24,981.1,21,980.4,24,10.0,24,2.6,24,8.9,14.0,46.0,28.0,0.02G,3.1,010000
703610,25339,20100331,37.5,24,34.0,24,1000.0,16,998.8,24,9.5,24,4.5,24,15.0,24.1,45.0,28.2,0.03G,2.0,011000
703610,25339,20100401,39.0,24,25.9,24,994.4,22,994.2,24,9.6,24,7.3,24,13.0,19.0,46.9,34.0,0.12G,1.2,011000
703610,25339,20100402,39.4,24,27.3,24,988.5,24,987.5,24,10.0,24,3.5,24,8.9,14.0,46.9,32.0,0.00G,1.2,000000
703610,25339,20100403,35.7,24,30.4,24,988.0,24,986.9,24,10.0,24,2.2,24,8.9,15.0,45.0,27.0,0.00G,999.9,000000
703610,25339,20100404,36.5,24,33.2,24,999.8,13,998.4,24,8.7,24,5.9,24,12.0,22.9,45.0,28.2,0.29G,999.9,011000
703610,25339,20100405,35.5,24,28.0,24,998.3,22,997.9,24,9.9,24,5.3,24,9.9,17.1,45.0,30.9,0.17G,999.9,011000
703610,25339,20100406,35.8,24,32.3,24,999.0,14,997.1,24,8.4,24,6.5,24,13.0,21.0,45.0,31.1,0.23G,999.9,011000
703610,25339,20100407,33.1,24,29.9,24,1002.5,10,1001.1,24,6.2,24,1.1,24,7.0,999.9,41.0,28.0,0.29G,1.2,111000
703610,25339,20100408,30.6,24,26.7,24,1008.2,15,1006.6,24,8.1,24,1.5,24,6.0,999.9,37.9*,21.2*,0.12G,1.2,111000
703610,25339,20100409,32.7,24,23.1,24,1016.3,24,1015.2,24,10.0,24,1.3,24,7.0,999.9,43.0,21.9,0.00G,999.9,000000
703610,25339,20100410,33.2,24,20.8,24,1027.2,24,1026.2,24,10.0,24,1.7,24,8.0,18.1,44.1,19.9,0.00G,999.9,000000
703610,25339,20100411,33.5,24,23.4,24,1028.1,24,1027.1,24,10.0,24,2.2,24,8.0,999.9,44.1,21.9,0.00G,999.9,000000
703610,25339,20100412,37.1,24,28.3,24,1020.5,24,1019.4,24,10.0,24,2.3,24,8.0,15.0,45.0,24.3,0.00G,999.9,000000
703610,25339,20100413,38.3,24,34.2,24,1015.4,17,1014.1,24,7.8,24,3.9,24,9.9,15.9,45.0,30.2,0.02G,999.9,010000
703610,25339,20100414,41.4,24,39.2,24,1020.4,17,1020.0,24,6.5,24,2.8,24,8.0,999.9,44.1,35.1,0.79G,999.9,010000
703610,25339,20100415,40.0,24,38.0,24,1023.8,9,1023.0,24,6.4,24,1.1,24,6.0,999.9,43.0,37.0,0.37G,999.9,010000
703610,25339,20100416,38.9,24,35.1,24,1017.8,20,1016.9,24,9.2,24,1.3,24,9.9,18.1,46.0,30.0,0.02G,999.9,110000
703610,25339,20100417,41.3,24,37.5,24,1011.5,17,1010.8,24,9.1,24,6.3,24,11.1,15.9,46.4*,37.9*,0.07G,999.9,010000
703610,25339,20100418,43.8,24,37.2,24,1003.4,23,1002.4,24,10.0,24,5.8,24,11.1,19.0,46.9,39.0,0.05G,999.9,010000
703610,25339,20100419,43.6,24,40.0,24,1003.2,19,1002.6,24,8.9,24,3.9,24,13.0,18.1,48.2*,41.0*,0.67G,999.9,010000
703610,25339,20100420,40.9,24,38.1,24,1007.3,17,1006.2,24,9.5,24,1.6,24,8.0,999.9,46.0,37.9,0.17G,999.9,010000
703610,25339,20100421,39.4,24,36.3,24,1007.9,11,1007.1,24,8.0,24,6.9,24,9.9,22.0,45.0,37.0,0.46G,999.9,010000
703610,25339,20100422,38.3,24,35.6,24,1011.1,11,1010.1,24,9.0,24,4.4,24,8.0,999.9,44.1,35.1,0.75G,999.9,010000
703610,25339,20100423,38.1,24,32.5,24,1015.8,24,1014.8,24,9.7,24,3.1,24,8.0,999.9,46.9,28.0,0.15G,999.9,010000
703610,25339,20100424,39.2,24,28.3,24,1012.2,24,1011.1,24,10.0,24,2.7,24,8.0,999.9,52.0,26.1,0.00G,999.9,000000
703610,25339,20100425,44.7,24,27.6,24,1012.2,24,1011.2,24,10.0,24,4.3,24,8.0,18.1,53.1,27.1,0.00G,999.9,010000
703610,25339,20100426,48.4,24,36.9,24,1002.0,24,1001.0,24,10.0,24,5.4,24,15.0,24.1,54.0,34.0,0.02G,999.9,010000
703610,25339,20100427,48.7,24,36.0,24,993.1,24,992.1,24,10.0,24,3.4,24,9.9,15.9,63.0,34.0,0.03G,999.9,000000
703610,25339,20100428,49.6,24,39.2,24,996.7,21,996.3,24,9.7,24,5.0,24,11.1,15.9,63.0,34.0,0.00G,999.9,010000
703610,25339,20100429,43.7,24,39.0,24,1012.7,19,1011.8,24,10.0,24,2.8,24,8.9,15.9,50.0,39.0,0.02G,999.9,010000
703610,25339,20100430,42.0,24,37.1,24,1013.9,17,1013.6,24,9.9,24,4.1,24,8.9,15.0,48.9,37.0,0.07G,999.9,010000
703610,25339,20100501,43.2,24,36.4,24,1009.8,23,1008.8,24,10.0,24,4.8,24,12.0,19.0,48.0,37.0,0.01G,999.9,000000
703610,25339,20100502,40.5,24,35.2,24,1010.8,16,1009.8,24,9.5,24,4.3,24,12.0,19.0,46.9,37.0,0.03G,999.9,010000
703610,25339,20100503,38.7,24,34.7,24,1013.3,18,1012.2,24,10.0,24,3.0,24,8.9,15.0,46.9*,30.2*,0.03G,999.9,010000
703610,25339,20100504,42.6,24,33.8,24,1023.3,24,1022.2,24,10.0,24,2.8,24,8.0,999.9,57.9,28.9,0.00G,999.9,000000
703610,25339,20100505,45.3,24,39.1,24,1027.8,22,1026.8,24,10.0,24,2.2,24,7.0,999.9,57.9,30.2,0.00G,999.9,000000
703610,25339,20100506,43.5,24,38.5,24,1027.9,24,1026.7,24,10.0,24,2.4,24,7.0,999.9,48.0,36.0,0.00G,999.9,010000
703610,25339,20100507,43.3,24,36.5,24,1029.8,22,1028.7,24,10.0,24,2.9,24,9.9,999.9,48.0*,35.6*,0.00G,999.9,000000
703610,25339,20100508,40.8,24,35.2,24,1026.0,20,1024.0,24,10.0,24,3.3,24,11.1,14.0,48.9,30.0,0.07G,999.9,110000
703610,25339,20100509,41.6,24,34.2,24,1016.0,23,1015.1,24,9.4,24,2.8,24,8.9,14.0,52.0,28.0,0.00G,999.9,100000
703610,25339,20100510,43.0,24,36.0,24,1016.7,19,1015.8,24,8.8,24,3.4,24,11.1,18.1,52.0,29.1,0.00G,999.9,000000
703610,25339,20100511,43.0,24,33.7,24,1018.8,22,1017.8,24,9.7,24,6.4,24,15.0,26.0,51.1,31.1,0.00G,999.9,010000
703610,25339,20100512,42.9,24,39.8,24,1011.3,20,1010.1,24,6.1,24,8.0,24,18.1,28.9,50.0,33.1,0.90G,999.9,010000
703610,25339,20100513,41.2,24,37.1,24,1020.1,15,1018.9,24,8.6,24,5.2,24,13.0,20.0,46.9,36.0,1.11G,999.9,011000
703610,25339,20100514,43.7,24,34.0,24,1018.4,24,1017.6,24,10.0,24,4.2,24,11.1,19.0,53.1,32.0,0.05G,999.9,000000
703610,25339,20100515,45.9,24,38.5,24,1014.3,18,1013.2,24,8.5,24,5.2,24,12.0,15.9,53.1,32.0,0.34G,999.9,010000
703610,25339,20100516,41.4,24,34.4,24,1018.3,22,1017.2,24,10.0,24,2.5,24,12.0,14.0,48.0,32.0,0.27G,999.9,000000
703610,25339,20100517,42.9,24,31.3,24,1012.1,24,1011.1,24,10.0,24,2.0,24,7.0,999.9,57.9,28.9,0.00G,999.9,000000
703610,25339,20100518,52.2,24,33.8,24,1005.5,24,1004.4,24,10.0,24,2.4,24,13.0,15.9,64.9,30.2,0.00G,999.9,000000
703610,25339,20100519,52.1,24,41.9,24,1003.0,21,1001.8,24,9.2,24,4.9,24,15.9,25.1,64.9,43.0,0.00G,999.9,010000
703610,25339,20100520,44.9,24,36.4,24,1007.2,24,1006.4,24,10.0,24,3.9,24,12.0,20.0,55.9,32.0,0.44G,999.9,000000
703610,25339,20100521,50.3,24,43.1,24,1009.3,19,1009.8,24,10.0,24,7.3,24,19.0,29.9,57.0,32.0,0.00G,999.9,010000
703610,25339,20100522,48.1,24,42.7,24,1017.4,19,1016.3,24,9.4,24,3.6,24,7.0,999.9,52.0,43.0,0.00G,999.9,010000
703610,25339,20100523,46.5,24,40.3,24,1009.9,19,1009.3,24,10.0,24,2.5,24,7.0,999.9,53.1,44.1,0.00G,999.9,000000
703610,25339,20100524,51.3,24,42.0,24,1006.7,24,1005.7,24,10.0,24,3.0,24,8.9,999.9,62.1,45.0,0.00G,999.9,000000
703610,25339,20100525,53.9,24,41.5,24,1009.4,24,1008.4,24,10.0,24,2.6,24,6.0,999.9,69.1,37.0,0.00G,999.9,000000
703610,25339,20100526,56.3,24,43.4,24,1015.0,24,1014.0,24,10.0,24,2.3,24,6.0,999.9,69.1,39.0,0.00G,999.9,000000
703610,25339,20100527,56.8,24,42.7,24,1017.2,24,1016.2,24,9.9,24,1.9,24,6.0,999.9,73.0,39.0,0.00G,999.9,000000
703610,25339,20100528,60.8,24,42.2,24,1016.8,24,1015.8,24,9.9,24,2.0,24,6.0,999.9,73.0,39.0,0.00G,999.9,000000
703610,25339,20100529,60.4,24,42.2,24,1017.2,24,1016.2,24,10.0,24,2.3,24,8.9,14.0,75.0,43.0,0.00G,999.9,000000
703610,25339,20100530,56.2,24,47.5,24,1015.9,24,1015.0,24,9.7,24,3.4,24,8.9,15.0,71.1,43.0,0.00G,999.9,000000
703610,25339,20100531,53.5,24,47.4,24,1009.8,16,1008.9,24,6.9,24,2.6,24,7.0,999.9,64.0,48.0,0.00G,999.9,100000
703610,25339,20100601,54.7,24,48.6,24,1005.2,20,1004.0,24,9.1,24,3.4,24,7.0,15.0,64.0,48.0,0.00G,999.9,010000
703610,25339,20100602,55.6,24,43.7,24,993.6,23,992.8,24,8.9,24,3.4,24,6.0,999.9,72.0,39.0,0.21G,999.9,100000
703610,25339,20100603,54.2,24,43.7,24,998.8,22,997.2,24,9.1,24,6.0,24,11.1,21.0,72.0,39.9,0.32G,999.9,010000
703610,25339,20100604,53.1,24,41.1,24,1006.0,23,1005.0,24,10.0,24,3.3,24,7.0,999.9,60.1,44.1,0.14G,999.9,010000
703610,25339,20100605,54.0,24,43.2,24,1013.6,21,1012.6,24,9.7,24,4.0,24,8.9,15.9,62.1,44.1,0.06G,999.9,010000
703610,25339,20100606,52.2,24,43.0,24,1020.1,21,1019.1,24,10.0,24,3.5,24,8.9,17.1,62.1,39.9,0.14G,999.9,010000
703610,25339,20100607,52.8,24,43.2,24,1018.5,24,1017.5,24,10.0,24,3.7,24,11.1,15.9,62.1,37.9,0.00G,999.9,000000
703610,25339,20100608,54.2,24,44.8,24,1021.3,22,1020.3,24,10.0,24,4.3,24,12.0,15.9,62.1,39.0,0.00G,999.9,000000
703610,25339,20100609,53.4,24,44.3,24,1017.6,24,1016.7,24,9.9,24,5.9,24,12.0,20.0,57.2*,48.2*,0.00G,999.9,000000
703610,25339,20100610,53.1,24,43.7,24,1016.8,22,1015.8,24,9.8,24,6.2,24,12.0,20.0,57.9,48.9,0.00G,999.9,000000
703610,25339,20100611,48.2,24,40.8,24,1015.4,23,1014.5,24,9.5,24,4.3,24,9.9,17.1,57.0,37.0,0.00G,999.9,010000
703610,25339,20100612,48.2,24,43.2,24,1006.5,17,1005.1,24,6.9,24,8.8,24,14.0,26.0,53.1,37.0,0.57G,999.9,010000
703610,25339,20100613,49.4,24,41.4,24,1011.6,20,1010.5,24,9.4,24,6.0,24,15.0,22.0,55.0,44.1,1.58G,999.9,010000
703610,25339,20100614,51.3,24,45.1,24,1020.9,12,1020.6,24,9.1,24,3.7,24,9.9,15.9,55.0,44.1,0.08G,999.9,010000
703610,25339,20100615,50.8,24,46.1,24,1025.3,14,1024.2,24,9.2,24,3.5,24,8.9,999.9,52.0*,48.2*,0.11G,999.9,010000
703610,25339,20100616,49.9,24,46.1,24,1021.7,11,1020.2,24,6.8,24,3.1,24,8.0,999.9,53.6*,48.0*,0.25G,999.9,010000
703610,25339,20100617,51.3,24,45.8,24,1022.3,14,1021.2,24,8.9,24,3.4,24,7.0,999.9,54.0,48.0,0.06G,999.9,010000
703610,25339,20100618,50.8,24,45.0,24,1022.7,20,1021.7,24,9.5,24,1.7,24,6.0,999.9,55.0,46.9,0.03G,999.9,010000
703610,25339,20100619,51.6,24,46.2,24,1020.8,18,1019.4,24,8.6,24,2.1,24,7.0,999.9,55.0,46.9,0.00G,999.9,010000
703610,25339,20100620,53.7,24,47.4,24,1018.3,21,1017.3,24,10.0,24,1.7,24,7.0,999.9,62.1,50.0,0.00G,999.9,010000
703610,25339,20100621,55.7,24,48.9,24,1017.8,18,1016.7,24,9.9,24,2.7,24,7.0,999.9,64.0,50.0,0.06G,999.9,000000
703610,25339,20100622,54.4,24,48.4,24,1015.5,19,1014.8,24,9.6,24,1.4,24,6.0,999.9,59.0,51.1,0.02G,999.9,010000
703610,25339,20100623,53.4,24,49.2,24,1011.9,18,1010.7,24,6.6,24,4.8,24,8.9,15.0,59.0,51.1,0.80G,999.9,010000
703610,25339,20100624,55.0,24,51.6,24,1011.8,15,1010.5,24,7.4,24,2.0,24,7.0,999.9,57.2*,53.1*,0.48G,999.9,010000
703610,25339,20100625,54.1,24,49.8,24,1012.5,14,1011.6,24,8.3,24,5.4,24,8.9,14.0,55.9*,51.8*,0.04G,999.9,010000
703610,25339,20100626,53.7,24,46.5,24,1010.9,21,1010.0,24,9.9,24,5.1,24,9.9,18.1,61.0,50.0,0.12G,999.9,010000
703610,25339,20100627,52.7,24,46.0,24,1011.6,17,1010.9,24,9.2,24,3.1,24,8.0,999.9,61.0,50.0,0.01G,999.9,010000
703610,25339,20100628,52.0,24,46.6,24,1013.6,14,1012.4,24,7.5,24,3.2,24,8.0,999.9,54.0*,48.2*,0.10G,999.9,010000
703610,25339,20100629,53.0,24,47.7,24,1012.0,13,1011.0,24,8.5,24,3.6,24,9.9,15.0,57.0,48.9,0.21G,999.9,010000
703610,25339,20100630,53.5,24,46.3,24,1011.5,16,1010.3,24,9.6,24,6.7,24,12.0,15.0,57.9,51.1,0.21G,999.9,010000
703610,25339,20100701,52.2,24,46.8,24,1015.7,19,1014.9,23,9.6,24,2.4,24,8.9,999.9,54.0,50.0,0.18G,999.9,010000
703610,25339,20100702,52.4,24,46.1,24,1015.3,19,1014.2,24,10.0,24,1.3,24,5.1,999.9,55.9,50.0,0.01G,999.9,010000
703610,25339,20100703,51.9,24,46.7,24,1010.8,19,1009.6,24,8.5,24,4.2,24,9.9,15.0,55.9,50.0,0.03G,999.9,010000
703610,25339,20100704,52.3,24,48.8,24,1009.2,10,1008.9,24,5.5,24,5.2,24,8.9,14.0,57.0,50.0,1.00G,999.9,010000
703610,25339,20100705,53.8,24,49.0,24,1019.7,11,1019.9,24,6.6,24,5.6,24,15.0,25.1,59.0,50.0,0.16G,999.9,010000
703610,25339,20100706,53.4,24,50.3,24,1025.8,13,1024.7,24,2.6,24,6.6,24,14.0,22.0,55.4*,51.8*,0.74G,999.9,010000
703610,25339,20100707,55.1,24,51.5,24,1027.0,16,1026.0,24,4.6,24,5.6,24,11.1,22.0,62.1,52.0,2.64G,999.9,010000
703610,25339,20100708,56.0,24,51.1,24,1022.8,20,1021.7,24,9.0,24,2.6,24,7.0,999.9,66.0,51.1,0.04G,999.9,100000
703610,25339,20100709,55.2,24,50.0,24,1016.5,16,1015.5,24,7.3,24,2.0,24,6.0,999.9,66.0,51.1,0.00G,999.9,100000
703610,25339,20100710,58.2,24,51.7,24,1012.2,12,1010.7,24,6.0,24,4.6,24,14.0,21.0,66.0,52.0,0.06G,999.9,010000
703610,25339,20100711,52.0,24,47.6,24,1007.8,8,1006.9,24,7.1,24,5.2,24,8.0,999.9,55.4*,48.2*,0.87G,999.9,010000
703610,25339,20100712,53.1,24,47.4,24,1012.4,15,1011.6,24,9.5,24,2.2,24,7.0,999.9,60.8*,50.0*,0.28G,999.9,010000
703610,25339,20100713,54.5,24,49.0,24,1018.9,15,1017.5,24,7.3,24,5.4,24,12.0,24.1,61.0,50.0,0.01G,999.9,010000
703610,25339,20100714,52.6,24,48.3,24,1016.8,10,1015.4,24,6.7,24,5.5,24,14.0,26.0,55.9,50.0,0.91G,999.9,010000
703610,25339,20100715,52.3,24,47.9,24,1021.3,13,1020.4,24,8.5,24,0.9,24,9.9,999.9,57.9,48.9,0.17G,999.9,010000
703610,25339,20100716,54.4,24,49.8,24,1023.9,15,1022.8,24,8.5,24,2.4,24,8.0,999.9,57.9,48.9,0.12G,999.9,010000
703610,25339,20100717,54.3,24,48.3,24,1025.2,13,1024.1,24,10.0,24,2.3,24,7.0,999.9,57.9,51.1,0.06G,999.9,000000
703610,25339,20100718,55.7,24,49.7,24,1026.5,19,1025.6,24,9.5,24,2.3,24,8.0,999.9,60.1,51.1,0.00G,999.9,010000
703610,25339,20100719,55.6,24,49.4,24,1024.8,12,1023.6,24,9.2,24,2.5,24,8.9,999.9,60.1,53.1,0.05G,999.9,010000
703610,25339,20100720,55.7,24,50.5,24,1023.4,13,1022.4,24,8.5,24,1.4,24,6.0,999.9,59.0,53.1,0.02G,999.9,010000
703610,25339,20100721,55.3,24,52.3,24,1017.3,9,1015.9,24,3.8,24,4.0,24,7.0,999.9,59.0,53.1,0.13G,999.9,010000
703610,25339,20100722,55.7,24,51.3,24,1013.7,12,1012.7,24,7.6,24,5.3,24,11.1,15.0,59.0,53.1,0.30G,999.9,010000
703610,25339,20100723,54.3,24,48.2,24,1007.0,22,1005.9,24,9.6,24,4.0,24,9.9,18.1,60.1,51.1,0.10G,999.9,010000
703610,25339,20100724,56.1,24,50.9,24,1015.7,14,1014.6,24,8.9,24,3.9,24,7.0,999.9,60.8*,53.6*,0.18G,999.9,010000
703610,25339,20100725,54.9,24,49.9,24,1024.1,16,1023.1,24,9.4,24,2.4,24,7.0,999.9,59.0,53.1,0.03G,999.9,010000
703610,25339,20100726,55.1,24,49.9,24,1024.3,15,1022.9,24,8.1,24,2.3,24,6.0,999.9,59.0,51.1,0.00G,999.9,010000
703610,25339,20100727,57.1,24,53.9,24,1018.4,11,1017.3,24,4.3,24,2.2,24,6.0,999.9,60.1,51.1,0.24G,999.9,110000
703610,25339,20100728,56.6,24,52.4,24,1018.0,18,1016.7,24,7.0,24,3.1,24,7.0,999.9,59.0*,53.6*,0.10G,999.9,000000
703610,25339,20100729,56.0,24,49.5,24,1020.9,19,1020.0,24,10.0,24,1.5,24,7.0,999.9,59.0*,53.6*,0.01G,999.9,000000
703610,25339,20100730,56.9,24,49.0,24,1022.5,22,1021.5,24,10.0,24,1.0,24,6.0,999.9,64.0,51.1,0.00G,999.9,000000
703610,25339,20100731,58.2,24,51.5,24,1018.6,19,1017.0,24,7.6,24,4.2,24,8.0,15.0,64.0,51.1,0.02G,999.9,010000
703610,25339,20100801,57.4,24,54.5,24,1017.0,16,1016.4,23,4.1,24,1.9,24,8.0,999.9,62.1,54.0,1.03G,999.9,010000
703610,25339,20100802,57.5,24,52.6,24,1024.9,18,1023.5,24,10.0,24,4.2,24,6.0,999.9,62.1,55.0,0.02G,999.9,000000
703610,25339,20100803,56.9,24,52.1,24,1028.2,20,1027.2,24,8.0,24,3.1,24,7.0,999.9,61.0,55.0,0.00G,999.9,010000
703610,25339,20100804,57.6,24,52.8,24,1026.0,13,1024.6,24,6.9,24,1.6,24,8.9,999.9,64.9*,53.6*,0.01G,999.9,100000
703610,25339,20100805,59.6,24,55.8,24,1016.4,6,1015.4,24,4.2,24,4.7,24,9.9,17.1,66.0,54.0,0.26G,999.9,010000
703610,25339,20100806,57.0,24,53.7,24,1007.1,8,1005.9,24,4.1,24,2.7,24,8.0,16.9,63.0,55.0,1.00G,999.9,110000
703610,25339,20100807,55.9,24,51.1,24,1006.4,15,1005.9,24,9.1,24,1.7,24,8.9,999.9,60.1*,53.6*,0.03G,999.9,010000
703610,25339,20100808,56.2,24,52.2,24,1010.7,16,1009.7,24,9.2,24,2.6,24,7.0,999.9,61.0,53.1,0.15G,999.9,010000
703610,25339,20100809,57.3,24,52.7,24,1013.4,16,1012.5,24,9.1,24,3.9,24,7.0,999.9,62.1,54.0,0.12G,999.9,010000
703610,25339,20100810,56.1,24,53.8,24,1014.8,8,1013.7,24,2.8,24,4.5,24,8.0,18.1,59.0,55.0,0.40G,999.9,010000
703610,25339,20100811,56.9,24,53.7,24,1019.2,12,1017.2,24,5.2,24,2.0,24,7.0,999.9,62.1,55.0,0.20G,999.9,010000
703610,25339,20100812,55.7,24,50.6,24,1024.9,18,1023.9,24,8.5,24,1.5,24,6.0,999.9,63.0,48.0,0.01G,999.9,000000
703610,25339,20100813,57.5,24,52.9,24,1026.8,12,1025.9,24,7.4,24,2.2,24,7.0,999.9,61.0,54.0,0.13G,999.9,010000
703610,25339,20100814,58.1,24,54.4,24,1025.1,12,1025.0,24,5.6,24,2.2,24,8.9,999.9,63.0*,51.8*,0.06G,999.9,110000
703610,25339,20100815,59.1,24,50.8,24,1017.6,22,1016.5,24,9.0,24,1.3,24,7.0,999.9,77.0,45.0,0.00G,999.9,000000
703610,25339,20100816,60.6,24,54.4,24,1017.5,17,1016.6,24,6.4,24,1.8,24,6.0,999.9,77.0,46.0,0.00G,999.9,110000
703610,25339,20100817,57.4,24,53.8,24,1017.8,13,1015.5,24,6.8,24,4.0,24,9.9,17.1,63.0,55.0,0.00G,999.9,010000
703610,25339,20100818,56.0,24,52.1,24,1006.5,13,1005.1,24,7.9,24,2.1,24,8.0,999.9,60.8*,53.6*,1.14G,999.9,010000
703610,25339,20100819,55.8,24,49.7,24,1010.3,20,1009.1,24,9.4,24,2.1,24,6.0,999.9,64.4*,46.4*,0.00G,999.9,010000
703610,25339,20100820,56.4,24,50.6,24,1011.5,22,1010.4,24,9.9,24,1.5,24,5.1,999.9,64.0,51.1,0.00G,999.9,010000
703610,25339,20100821,54.1,24,50.0,24,1011.9,10,1011.0,24,7.3,24,0.5,24,4.1,999.9,59.0*,48.2*,0.03G,999.9,110000
703610,25339,20100822,55.5,24,50.7,24,1012.9,24,1012.0,24,9.4,24,3.3,24,8.9,999.9,61.0,50.0,0.00G,999.9,010000
703610,25339,20100823,54.3,24,49.9,24,1014.0,20,1013.3,24,8.9,24,4.9,24,8.0,999.9,57.9,51.1,0.38G,999.9,010000
703610,25339,20100824,54.7,24,50.1,24,1014.7,24,1013.7,24,10.0,24,1.3,24,6.0,999.9,60.1,51.1,0.26G,999.9,010000
703610,25339,20100825,53.8,24,48.5,24,1013.6,22,1012.5,24,8.9,24,1.5,24,7.0,999.9,59.0*,46.4*,0.03G,999.9,100000
703610,25339,20100826,54.9,24,49.5,24,1012.0,20,1011.0,24,10.0,24,1.0,24,7.0,999.9,60.1,46.9,0.00G,999.9,000000
703610,25339,20100827,55.1,24,48.7,24,1014.5,14,1013.6,24,10.0,24,0.8,24,5.1,999.9,59.0*,51.8*,0.00G,999.9,010000
703610,25339,20100828,54.7,24,49.5,24,1017.3,12,1016.3,24,8.2,24,1.2,24,6.0,999.9,59.0*,51.8*,0.10G,999.9,010000
703610,25339,20100829,54.7,24,49.6,24,1011.2,18,1010.4,24,9.6,24,1.4,24,6.0,999.9,63.0,51.1,0.41G,999.9,010000
703610,25339,20100830,55.3,24,48.4,24,1009.0,23,1008.0,24,9.7,24,2.7,24,8.9,999.9,64.0,46.9,0.16G,999.9,010000
703610,25339,20100831,52.5,24,46.4,24,1002.8,20,1002.0,24,8.7,24,2.1,24,8.0,999.9,62.6*,39.2*,0.03G,999.9,100000
703610,25339,20100901,55.5,24,51.4,24,1005.6,16,1005.3,24,9.1,24,3.6,24,15.0,25.1,63.0,39.9,0.03G,999.9,010000
703610,25339,20100902,52.8,24,48.4,24,1007.6,24,1006.6,24,9.5,24,1.9,24,6.0,15.0,57.9,46.9,0.92G,999.9,010000
703610,25339,20100903,53.4,24,48.3,24,1011.7,22,1010.5,24,9.4,24,1.8,24,7.0,999.9,61.0,46.9,0.25G,999.9,010000
703610,25339,20100904,54.1,24,48.2,24,1017.2,24,1016.2,24,9.8,24,0.9,24,6.0,999.9,62.1,46.9,0.05G,999.9,010000
703610,25339,20100905,52.6,24,48.5,24,1012.5,18,1011.3,24,7.4,24,6.4,24,11.1,17.1,59.0,46.9,0.24G,999.9,010000
703610,25339,20100906,53.6,24,47.6,24,1011.4,23,1009.7,24,9.3,24,3.0,24,9.9,15.0,64.9,43.0,1.05G,999.9,010000
703610,25339,20100907,53.4,24,47.5,24,1019.0,21,1018.1,24,8.8,24,2.2,24,7.0,999.9,64.0*,42.8*,0.00G,999.9,100000
703610,25339,20100908,55.0,24,51.0,24,1013.6,17,1012.4,24,8.5,24,2.6,24,6.0,999.9,62.1,43.0,0.14G,999.9,010000
703610,25339,20100909,54.7,24,51.4,24,1004.6,12,1003.7,24,7.7,24,3.4,24,8.9,15.0,59.0,53.1,0.22G,999.9,010000
703610,25339,20100910,52.3,24,46.2,24,1009.3,24,1008.2,24,10.0,24,1.3,24,6.0,18.1,62.1,43.0,0.47G,999.9,000000
703610,25339,20100911,52.1,24,45.4,24,1015.4,23,1014.4,24,9.8,24,1.7,24,6.0,999.9,62.1,41.0,0.00G,999.9,100000
703610,25339,20100912,52.7,24,45.1,24,1017.5,21,1016.2,24,8.6,24,1.7,24,8.0,999.9,73.9,39.0,0.00G,999.9,000000
703610,25339,20100913,53.5,24,43.1,24,1021.9,22,1020.9,24,9.4,24,1.6,24,5.1,999.9,73.9,37.0,0.00G,999.9,100000
703610,25339,20100914,52.5,24,40.4,24,1020.2,24,1019.2,24,10.0,24,1.0,24,5.1,999.9,75.0,36.0,0.00G,999.9,000000
703610,25339,20100915,54.0,24,40.5,24,1017.8,24,1016.8,24,10.0,24,1.6,24,6.0,999.9,75.0,37.0,0.00G,999.9,000000
703610,25339,20100916,52.4,24,39.9,24,1017.0,24,1016.1,24,10.0,24,0.8,24,5.1,999.9,73.9,36.0,0.00G,999.9,000000
703610,25339,20100917,52.9,24,45.4,24,1019.0,13,1018.4,24,5.7,24,2.2,24,7.0,999.9,73.9,37.9,0.00G,999.9,100000
703610,25339,20100918,51.0,24,44.2,24,1017.0,19,1015.9,24,5.7,24,1.6,24,6.0,999.9,72.0,41.0,0.00G,999.9,100000
703610,25339,20100919,53.6,24,39.5,24,1015.1,24,1014.0,24,10.0,24,1.8,24,6.0,999.9,72.0,37.0,0.00G,999.9,000000
703610,25339,20100920,48.2,24,36.7,24,1014.5,24,1013.5,24,10.0,24,1.4,24,6.0,999.9,71.1,33.1,0.00G,999.9,000000
703610,25339,20100921,49.2,24,42.1,24,1012.3,19,1011.4,24,7.9,24,1.4,24,6.0,999.9,64.9,35.1,0.00G,999.9,100000
703610,25339,20100922,48.1,24,40.4,24,1007.0,22,1006.2,24,9.9,24,1.4,24,7.0,999.9,60.1,37.9,0.00G,999.9,000000
703610,25339,20100923,45.5,24,37.0,24,999.7,24,998.6,24,10.0,24,1.5,24,6.0,999.9,61.0,32.0,0.00G,999.9,000000
703610,25339,20100924,50.3,24,35.9,24,987.4,24,986.4,24,10.0,24,6.6,24,17.1,28.0,60.1,34.0,0.03G,999.9,010000
703610,25339,20100925,49.3,24,39.7,24,979.7,24,978.6,24,9.6,24,10.1,24,14.0,22.0,59.0,41.0,0.80G,999.9,010000
703610,25339,20100926,51.1,24,45.4,24,992.7,16,990.2,24,8.1,24,7.8,24,13.0,26.0,55.4*,46.4*,0.78G,999.9,010000
703610,25339,20100927,50.5,24,45.4,24,993.1,22,993.0,24,9.0,24,4.1,24,14.0,25.1,59.0,45.0,1.37G,999.9,010000
703610,25339,20100928,48.1,24,43.3,24,997.9,20,996.0,24,9.6,24,4.3,24,8.9,15.9,59.0,43.0,0.12G,999.9,010000
703610,25339,20100929,51.3,24,46.6,24,1005.1,15,1003.2,24,8.1,24,6.7,24,11.1,22.0,55.0,45.0,0.89G,999.9,010000
703610,25339,20100930,52.4,24,48.2,24,1013.2,13,1012.7,24,7.1,24,6.9,24,11.1,21.0,55.4*,48.9*,0.53G,999.9,010000
703610,25339,20101001,51.6,24,46.9,24,1003.3,19,1001.9,24,7.2,24,6.6,24,18.1,35.9,55.9,48.9,1.90G,999.9,010000
703610,25339,20101002,51.3,24,43.6,24,1004.5,19,1002.7,24,8.7,24,9.5,24,18.1,33.0,55.4*,46.4*,0.64G,999.9,011110
703610,25339,20101003,48.2,24,41.4,24,1006.5,21,1005.9,24,9.0,24,7.4,24,13.0,22.9,53.1,46.0,0.25G,999.9,010000
703610,25339,20101004,44.6,24,40.4,24,1010.6,17,1010.1,24,8.1,24,5.8,24,11.1,22.9,50.0,41.0,0.72G,999.9,011110
703610,25339,20101005,47.5,24,41.7,24,1000.3,17,994.3,24,8.1,24,10.9,24,22.9,38.1,55.0,41.0,1.47G,999.9,010000
703610,25339,20101006,48.9,24,42.9,24,1001.8,19,1000.7,24,9.0,24,8.1,24,17.1,33.0,55.0,44.1,1.37G,999.9,010000
703610,25339,20101007,45.6,24,39.9,24,1005.5,21,1005.2,24,9.2,24,4.0,24,7.0,999.9,53.1,41.0,0.37G,999.9,010000
703610,25339,20101008,41.5,24,36.6,24,1002.2,20,1002.0,24,9.0,24,3.2,24,11.1,15.9,53.1,34.0,0.01G,999.9,010000
703610,25339,20101009,43.1,24,37.9,24,989.7,21,988.9,24,8.8,24,3.5,24,20.0,35.0,51.1,34.0,0.37G,999.9,010000
703610,25339,20101010,44.8,24,41.1,24,990.3,19,989.5,24,9.0,24,2.3,24,7.0,18.1,51.1,36.0,0.81G,999.9,010000
703610,25339,20101011,45.1,24,39.8,24,1005.6,20,1004.4,24,9.4,24,4.2,24,8.0,999.9,51.1,37.9,0.41G,999.9,010000
703610,25339,20101012,43.8,24,36.6,24,998.9,24,997.8,24,10.0,24,3.0,24,7.0,999.9,55.9,35.1,0.36G,999.9,010000
703610,25339,20101013,45.9,24,39.8,24,1001.1,22,1000.3,24,9.7,24,5.2,24,9.9,15.0,55.9,36.0,0.13G,999.9,010000
703610,25339,20101014,44.0,24,38.2,24,998.3,24,997.2,24,10.0,24,3.3,24,8.0,999.9,52.0,36.0,0.32G,999.9,010000
703610,25339,20101015,41.2,24,36.8,24,1009.6,21,1008.5,24,9.1,24,4.2,24,9.9,999.9,48.9,37.0,0.18G,999.9,010000
703610,25339,20101016,41.5,24,37.2,24,1006.8,21,1005.7,24,9.2,24,3.8,24,9.9,15.9,46.9,35.1,0.60G,999.9,010000
703610,25339,20101017,44.8,24,40.3,24,999.5,17,1000.5,24,9.0,24,7.2,24,11.1,19.0,48.2*,42.8*,0.44G,999.9,010000
703610,25339,20101018,48.5,24,42.8,24,990.0,16,989.0,24,6.5,24,10.6,24,19.0,33.0,51.8*,46.0*,1.93G,999.9,010000
703610,25339,20101019,44.4,24,40.0,24,1010.1,18,1007.8,24,8.8,24,5.7,24,12.0,18.1,48.2*,39.2*,0.99G,999.9,011000
703610,25339,20101020,42.8,24,37.3,24,1011.2,21,1010.4,24,10.0,24,3.5,24,7.0,999.9,50.0,39.0,0.24G,999.9,010000
703610,25339,20101021,42.0,24,34.5,24,1010.5,22,1009.5,24,10.0,24,1.9,24,7.0,999.9,50.0,37.9,0.05G,999.9,010000
703610,25339,20101022,34.9,24,29.4,24,1005.9,24,1004.8,24,10.0,24,0.5,24,5.1,999.9,50.0,28.0,0.05G,999.9,000000
703610,25339,20101023,42.5,24,37.4,24,999.8,24,998.8,24,9.2,24,2.6,24,8.9,999.9,48.0,28.9,0.03G,999.9,010000
703610,25339,20101024,42.0,24,37.4,24,990.8,22,990.2,24,9.0,24,2.5,24,8.0,999.9,55.9,32.0,0.57G,999.9,010000
703610,25339,20101025,42.2,24,35.2,24,993.2,24,992.2,24,9.6,24,1.5,24,6.0,999.9,55.9,34.0,0.00G,999.9,110000
703610,25339,20101026,42.0,24,37.8,24,1003.6,17,1002.6,24,8.3,24,1.3,24,4.1,999.9,50.0,33.1,0.15G,999.9,010000
703610,25339,20101027,37.2,24,33.0,24,1016.1,22,1015.4,24,10.0,24,1.4,24,8.9,999.9,50.0,32.0,0.00G,999.9,010000
703610,25339,20101028,41.2,24,37.5,24,1011.3,16,1011.3,24,7.9,24,7.3,24,15.0,26.0,46.4*,37.9*,0.33G,999.9,010000
703610,25339,20101029,45.2,24,39.7,24,988.5,12,985.1,24,5.8,24,13.1,24,22.0,39.0,48.0,39.0,2.66G,999.9,010000
703610,25339,20101030,38.1,24,33.1,24,989.9,19,989.1,24,9.2,24,4.6,24,11.1,17.1,48.0,35.1,0.51G,999.9,111010
703610,25339,20101031,38.7,24,34.0,24,990.0,15,990.0,24,8.7,24,8.1,24,14.0,22.0,45.0,35.1,0.88G,999.9,011010
703610,25339,20101101,44.0,24,34.3,24,976.3,22,975.3,24,9.3,24,10.0,24,17.1,27.0,48.0,37.0,0.27G,999.9,010000
703610,25339,20101102,47.0,24,42.0,24,993.2,15,992.4,24,8.6,24,7.6,24,15.9,26.0,50.0,39.9,0.78G,999.9,010000
703610,25339,20101103,44.2,24,37.5,24,1012.5,22,1010.0,24,9.2,24,6.2,24,15.0,25.1,50.0,41.0,0.23G,999.9,010000
703610,25339,20101104,48.4,24,41.7,24,989.4,17,988.1,24,8.3,24,12.3,24,22.9,40.0,55.0,41.0,1.22G,999.9,010010
703610,25339,20101105,40.1,24,35.7,24,995.4,17,994.5,24,9.0,24,5.5,24,12.0,21.0,53.1,37.0,0.45G,999.9,011000
703610,25339,20101106,43.0,24,36.0,24,991.7,20,991.0,24,9.3,24,7.1,24,11.1,22.0,46.9,37.9,1.22G,999.9,010000
703610,25339,20101107,43.6,24,36.3,24,991.8,21,991.2,24,9.4,24,5.6,24,11.1,19.0,46.9,39.9,0.09G,999.9,010000
703610,25339,20101108,40.2,24,36.3,24,1003.0,19,1002.2,24,9.4,24,5.9,24,11.1,17.1,46.0,36.0,0.66G,999.9,010000
703610,25339,20101109,34.9,24,31.2,24,1008.2,21,1007.1,24,9.7,24,1.5,24,8.0,999.9,42.1,28.9,0.24G,999.9,011000
703610,25339,20101110,34.8,24,31.4,24,1014.2,22,1013.2,24,9.8,24,1.2,24,5.1,18.1,37.0,32.0,0.06G,999.9,011000
703610,25339,20101111,40.0,24,34.6,24,1004.3,24,1003.3,24,9.1,24,6.1,24,9.9,17.1,41.0,33.1,0.36G,999.9,010000
703610,25339,20101112,43.5,24,39.4,24,999.6,15,998.5,24,7.0,24,9.2,24,15.0,22.9,48.0,39.0,1.48G,999.9,010000
703610,25339,20101113,44.7,24,40.8,24,1006.5,18,1005.2,24,7.4,24,3.7,24,9.9,18.1,48.0,42.1,1.87G,999.9,010000
703610,25339,20101114,35.9,24,33.0,24,1012.3,20,1011.6,24,9.4,24,1.3,24,5.1,999.9,46.0,32.0,0.17G,999.9,010000
703610,25339,20101115,33.4,24,30.2,24,1017.5,23,1016.6,24,10.0,24,0.6,24,4.1,999.9,39.0,28.0,0.08G,999.9,010000
703610,25339,20101116,33.2,24,26.5,24,1015.6,21,1014.4,24,8.9,24,2.7,24,13.0,20.0,37.0,26.1,0.02G,1.2,001000
703610,25339,20101117,35.3,24,6.7,24,1021.2,24,1020.2,24,10.0,24,11.0,24,22.0,34.0,39.0,32.0,0.00I,1.2,000000
703610,25339,20101118,25.7,24,14.4,24,1026.4,24,1025.4,24,9.9,24,1.2,24,8.9,999.9,39.0,18.0,0.00G,999.9,000000
703610,25339,20101119,23.0,24,18.0,24,1027.1,24,1026.1,24,10.0,24,0.0,24,999.9,999.9,37.0,17.1,0.00G,999.9,000000
703610,25339,20101120,28.6,24,23.5,24,1028.8,24,1027.7,24,10.0,24,0.1,24,2.9,999.9,37.0,18.0,0.00G,999.9,000000
703610,25339,20101121,24.4,24,19.9,24,1021.1,24,1020.0,24,10.0,24,0.9,24,4.1,999.9,37.0,18.0,0.00G,999.9,000000
703610,25339,20101122,27.8,24,23.9,24,1023.8,23,1022.9,24,10.0,24,1.3,24,5.1,999.9,37.9,19.0,0.00G,999.9,010000
703610,25339,20101123,35.8,24,30.8,24,1021.6,17,1019.8,24,7.3,24,2.7,24,6.0,999.9,37.9,20.1,0.03G,999.9,011000
703610,25339,20101124,39.7,24,37.0,24,1007.6,13,1006.4,24,4.4,24,5.9,24,11.1,18.1,45.0,35.1,0.45G,999.9,010000
703610,25339,20101125,39.3,24,35.5,24,997.8,17,996.9,24,8.4,24,3.9,24,8.0,999.9,43.0*,35.6*,1.30G,999.9,011000
703610,25339,20101126,29.9,24,26.1,24,996.5,24,995.5,24,9.5,24,0.5,24,4.1,999.9,42.1,23.0,0.38G,999.9,000000
703610,25339,20101127,27.2,24,22.9,24,1007.3,22,1006.2,24,9.5,24,1.4,24,7.0,999.9,37.4*,21.0*,0.00G,999.9,111000
703610,25339,20101128,34.8,24,31.1,24,1007.2,16,1006.0,24,6.9,24,4.5,24,8.9,15.0,37.0,19.9,0.11G,3.1,011000
703610,25339,20101129,36.3,24,32.6,24,992.7,18,992.3,24,5.7,24,10.6,24,15.9,26.0,37.9,33.1,1.60G,3.1,011000
703610,25339,20101130,35.6,24,22.5,24,988.4,22,986.1,24,8.3,24,12.3,24,19.0,29.9,37.9,33.1,0.47G,3.9,111000
703610,25339,20101201,29.1,24,16.3,24,1005.4,24,1004.3,24,10.0,24,2.7,24,9.9,999.9,39.2*,21.9*,0.00G,3.9,010000
703610,25339,20101202,22.1,24,11.6,24,1012.5,23,1011.3,24,10.0,24,0.7,24,2.9,999.9,33.1,17.1,0.00G,3.9,000000
703610,25339,20101203,26.3,24,18.3,24,1020.6,19,1020.0,24,7.8,24,2.2,24,6.0,999.9,33.1,17.1,0.01G,5.1,001000
703610,25339,20101204,37.5,24,33.4,24,1011.2,16,1010.8,24,5.8,24,9.1,24,18.1,31.1,44.6*,32.0*,0.57G,2.0,011000
703610,25339,20101205,38.6,24,35.4,24,1005.9,12,1005.1,24,6.6,24,6.0,24,13.0,27.0,45.0,35.1,1.65G,3.9,011000
703610,25339,20101206,36.2,24,33.2,24,1014.2,22,1013.3,24,9.1,24,2.2,24,8.0,999.9,45.0,32.0,1.89G,2.0,010000
703610,25339,20101207,36.2,24,32.0,24,1010.2,22,1009.4,24,10.0,24,1.4,24,5.1,999.9,43.0,30.9,0.00G,2.0,110000
703610,25339,20101208,34.1,24,27.5,24,996.9,24,996.0,24,8.5,24,2.2,24,6.0,999.9,43.0,27.0,0.06G,1.2,000000
703610,25339,20101209,31.5,24,27.7,24,997.8,24,996.8,24,10.0,24,0.0,24,999.9,999.9,42.1,27.0,0.00G,1.2,000000
703610,25339,20101210,27.5,24,20.2,24,1002.1,24,1001.0,24,10.0,24,0.8,24,4.1,18.1,34.0,24.1,0.00G,1.2,000000
703610,25339,20101211,32.1,24,25.2,24,1006.5,21,1005.3,24,8.9,24,5.1,24,8.9,14.0,37.4*,28.9*,0.02G,1.2,011000
703610,25339,20101212,31.4,24,27.6,24,1001.6,20,1001.6,24,9.2,24,1.8,24,7.0,999.9,37.0,23.0,0.35G,1.2,011000
703610,25339,20101213,18.5,24,14.0,24,994.3,24,993.3,24,9.9,24,0.0,24,999.9,999.9,30.9,12.9,0.00G,1.2,000000
703610,25339,20101214,20.9,24,15.5,24,986.3,24,985.3,24,9.6,24,1.2,24,8.9,15.9,33.1,12.9,0.00G,1.2,001000
703610,25339,20101215,31.8,24,15.0,24,991.0,22,989.6,24,9.8,24,13.3,24,18.1,31.1,34.0*,30.2*,0.00G,1.2,001000
703610,25339,20101216,34.7,24,12.1,24,1006.9,24,1005.9,24,10.0,24,11.0,24,15.9,25.1,37.0,31.1,0.00G,1.2,000000
703610,25339,20101217,23.3,24,12.5,24,1012.4,24,1011.3,24,10.0,24,1.4,24,7.0,999.9,37.0,12.9,0.00G,1.2,000000
703610,25339,20101218,20.8,24,11.4,24,1011.4,24,1010.3,24,10.0,24,0.5,24,4.1,999.9,30.0,12.0,0.00G,1.2,000000
703610,25339,20101219,14.7,24,7.8,24,1006.1,24,1005.1,24,10.0,24,0.5,24,4.1,999.9,27.0,10.0,0.00G,1.2,000000
703610,25339,20101220,21.6,24,12.0,24,999.9,24,998.8,24,10.0,24,1.0,24,4.1,999.9,27.0,10.0,0.00G,1.2,000000
703610,25339,20101221,21.9,24,10.6,24,998.1,24,997.1,24,10.0,24,1.8,24,6.0,999.9,27.0,12.9,0.00G,1.2,000000
703610,25339,20101222,18.2,24,9.7,24,997.5,24,996.5,24,10.0,24,1.4,24,7.0,999.9,34.0,12.0,0.00G,1.2,000000
703610,25339,20101223,22.2,24,12.1,24,1002.1,24,1001.0,20,10.0,24,1.7,24,8.9,999.9,35.1,12.9,0.00G,1.2,000000
703610,25339,20101224,18.3,24,10.3,24,998.2,24,996.7,24,10.0,24,0.3,24,4.1,999.9,35.1,12.0,0.00G,1.2,000000
703610,25339,20101225,28.2,24,21.1,24,991.6,16,990.4,24,6.9,24,5.2,24,12.0,18.1,36.0,12.0,0.00G,3.1,001000
703610,25339,20101226,28.6,24,23.4,24,991.7,20,991.1,24,8.7,24,2.7,24,12.0,19.0,36.0,19.9,0.26G,3.1,001000
703610,25339,20101227,31.1,24,25.9,24,994.0,15,992.9,24,8.2,24,3.4,24,8.9,14.0,36.0,19.9,0.11G,3.1,001000
703610,25339,20101228,28.6,24,21.0,24,995.7,19,994.5,24,9.0,24,5.1,24,8.0,999.9,35.1,24.1,0.07G,5.1,001000
703610,25339,20101229,31.3,24,27.0,24,1000.5,8,998.9,24,4.3,24,8.7,24,15.9,22.9,39.9,26.1,0.26G,14.2,111000
703610,25339,20101230,34.7,24,31.0,24,1002.8,15,1002.0,24,4.5,24,7.2,24,8.9,14.0,39.9,30.2,0.37G,16.1,111000
703610,25339,20101231,38.2,24,35.5,24,1002.2,11,1002.2,24,4.4,24,6.9,24,9.9,17.1,42.8*,35.1*,1.46G,18.1,111000
