727850,24157,20100101,34.6,24,33.5,24,1015.7,21,930.0,24,4.5,24,6.5,24,15.9,22.0,39.9,28.0,0.15G,1.2,111000
727850,24157,20100102,37.1,24,34.0,24,1017.8,22,932.7,24,10.0,24,12.8,24,22.0,28.0,39.9,33.1,0.12G,1.2,010000
727850,24157,20100103,34.5,24,31.6,24,1027.0,24,940.6,24,10.0,24,3.3,24,6.0,999.9,42.1,28.0,0.00G,999.9,000000
727850,24157,20100104,35.0,24,33.4,24,1024.6,20,937.9,24,6.1,24,5.1,24,8.0,999.9,42.1,31.1,0.00G,999.9,111000
727850,24157,20100105,32.9,24,32.8,24,1018.5,15,932.8,24,1.7,24,2.6,24,7.0,999.9,36.0,32.0,0.52G,999.9,111000
727850,24157,20100106,28.7,24,21.3,24,1028.8,24,941.9,24,10.0,24,8.4,24,15.0,20.0,35.1,23.0,0.09G,999.9,000000
727850,24157,20100107,20.5,24,10.7,24,1034.7,24,946.3,24,10.0,24,7.5,24,11.1,999.9,30.9,16.0,0.00G,999.9,000000
727850,24157,20100108,20.7,24,11.6,24,1030.7,24,942.5,24,10.0,24,7.6,24,14.0,999.9,27.0,16.0,0.00G,999.9,000000
727850,24157,20100109,24.4,24,19.2,24,1028.2,21,940.6,24,6.1,24,6.3,24,8.9,999.9,28.4*,23.0*,0.00G,999.9,111000
727850,24157,20100110,30.7,24,29.9,24,1028.8,20,941.6,24,2.0,24,5.9,24,8.9,18.1,37.0,23.0,0.02G,999.9,110000
727850,24157,20100111,33.5,24,31.9,24,1021.5,22,935.9,24,7.6,24,4.8,24,9.9,999.9,42.1,28.9,0.00G,999.9,111000
727850,24157,20100112,40.6,24,34.9,24,1011.0,24,926.2,24,10.0,24,6.2,24,11.1,999.9,48.9,30.2,0.01G,999.9,010000
727850,24157,20100113,38.4,24,36.9,24,1011.7,19,927.0,24,6.8,24,5.0,24,9.9,999.9,43.0*,33.8*,0.11G,999.9,110000
727850,24157,20100114,38.2,24,35.4,24,1021.7,21,935.9,24,9.7,24,11.0,24,18.1,21.0,43.0*,33.8*,0.14G,999.9,010000
727850,24157,20100115,41.4,24,31.0,24,1017.8,24,932.6,24,10.0,24,9.8,24,28.9,35.0,50.0,36.0,0.00G,999.9,010000
727850,24157,20100116,40.7,24,37.1,24,1010.7,17,926.6,24,7.4,24,7.2,24,21.0,29.9,50.0,37.0,0.12G,999.9,110000
727850,24157,20100117,37.5,24,36.7,24,1008.5,21,924.4,24,5.9,24,4.9,24,8.9,999.9,39.9*,35.6*,0.11G,999.9,111000
727850,24157,20100118,41.9,24,35.1,24,1000.9,24,917.2,24,9.9,24,8.0,24,14.0,999.9,51.1,36.0,0.08G,999.9,110000
727850,24157,20100119,39.0,24,33.7,24,994.8,24,911.6,24,10.0,24,7.6,24,11.1,999.9,51.1,35.1,0.01G,999.9,011000
727850,24157,20100120,37.6,24,32.2,24,994.2,24,910.8,24,10.0,24,8.0,24,11.1,999.9,48.0,33.1,0.01G,999.9,001000
727850,24157,20100121,38.7,24,28.7,24,990.1,24,907.1,24,10.0,24,8.9,24,13.0,999.9,48.0,33.1,0.00G,999.9,000000
727850,24157,20100122,35.2,24,26.5,24,988.4,24,905.4,24,10.0,24,7.4,24,11.1,999.9,46.0,28.9,0.00G,999.9,000000
727850,24157,20100123,33.7,24,29.1,24,1001.1,24,916.8,24,9.4,24,2.9,24,8.0,999.9,42.1*,21.2*,0.00G,999.9,000000
727850,24157,20100124,35.4,24,33.1,24,1017.6,22,932.0,24,7.0,24,4.2,24,8.9,999.9,41.0,30.2,0.00G,999.9,111000
727850,24157,20100125,35.0,24,31.8,24,1015.7,20,930.3,24,6.9,24,5.6,24,9.9,999.9,41.0,32.0,0.00G,1.2,111000
727850,24157,20100126,34.6,24,33.3,24,1014.3,21,929.0,24,4.5,24,5.8,24,8.0,999.9,39.0,33.1,0.14G,999.9,110000
727850,24157,20100127,31.6,24,28.6,24,1021.3,20,935.4,24,5.6,24,1.5,24,8.0,999.9,39.0,27.0,0.00G,999.9,100000
727850,24157,20100128,32.2,24,27.8,24,1025.3,20,938.9,24,10.0,24,3.5,24,8.0,999.9,41.0,28.0,0.00G,999.9,000000
727850,24157,20100129,34.5,24,28.5,24,1022.0,24,935.9,24,10.0,24,4.5,24,6.0,999.9,41.0,28.2,0.00G,999.9,000000
727850,24157,20100130,36.2,24,29.9,24,1017.0,24,931.5,24,10.0,24,4.5,24,8.9,999.9,42.1,32.0,0.00G,999.9,000000
727850,24157,20100131,35.4,24,32.8,24,1013.6,22,928.4,24,7.2,24,4.0,24,11.1,999.9,42.1,33.1,0.00G,999.9,011000
727850,24157,20100201,38.3,24,35.6,24,1014.6,14,929.6,24,6.4,24,3.6,24,8.0,999.9,45.0,33.1,0.01G,999.9,100000
727850,24157,20100202,36.8,24,34.6,24,1012.7,17,927.9,24,6.5,24,3.7,24,7.0,999.9,45.0,33.1,0.05G,999.9,011000
727850,24157,20100203,35.1,24,34.3,24,1011.3,20,926.2,24,2.7,24,5.3,24,8.0,999.9,41.0,32.0,0.06G,999.9,100000
727850,24157,20100204,38.9,24,35.9,24,1010.2,23,925.6,24,8.3,24,2.6,24,11.1,999.9,46.9,33.1,0.03G,999.9,110000
727850,24157,20100205,38.1,24,33.9,24,1008.9,19,924.8,24,7.5,24,7.5,24,11.1,999.9,46.0*,35.6*,0.01G,999.9,010000
727850,24157,20100206,36.4,24,35.4,24,1014.8,19,929.6,24,1.6,24,5.6,24,12.0,999.9,44.1*,33.8*,0.20G,999.9,110000
727850,24157,20100207,32.1,24,30.3,24,1017.3,23,931.6,24,6.2,24,3.6,24,11.1,999.9,44.1,26.1,0.00G,999.9,100000
727850,24157,20100208,32.5,24,31.1,24,1019.6,18,933.6,24,2.2,24,2.0,24,6.0,999.9,39.0,28.0,0.00G,999.9,100000
727850,24157,20100209,36.3,24,31.0,24,1017.9,24,932.3,24,10.0,24,1.2,24,5.1,999.9,42.1,30.2,0.00G,999.9,000000
727850,24157,20100210,37.7,24,29.6,24,1015.0,24,929.8,24,10.0,24,2.9,24,8.0,18.1,44.1,33.1,0.00G,999.9,000000
727850,24157,20100211,38.3,24,34.5,24,1013.4,20,928.5,24,9.0,24,5.4,24,8.9,999.9,44.1,34.0,0.05G,999.9,010000
727850,24157,20100212,41.0,24,38.1,24,1013.3,21,928.3,24,8.7,24,8.1,24,18.1,22.0,46.0,35.1,0.17G,999.9,010000
727850,24157,20100213,38.9,24,34.7,24,1019.9,24,934.5,24,9.8,24,5.7,24,8.9,999.9,48.0,30.9,0.06G,999.9,010000
727850,24157,20100214,40.5,24,35.3,24,1022.6,24,937.0,24,9.2,24,5.0,24,9.9,999.9,48.0,34.0,0.00G,999.9,110000
727850,24157,20100215,41.5,24,39.0,24,1023.1,19,937.3,24,4.8,24,2.6,24,6.0,999.9,45.0,36.0,0.32G,999.9,110000
727850,24157,20100216,38.8,24,36.7,24,1023.0,18,937.3,24,6.9,24,4.8,24,8.0,999.9,44.6*,35.6*,0.01G,999.9,010000
727850,24157,20100217,35.1,24,33.8,24,1024.0,19,938.1,24,4.4,24,3.9,24,9.9,999.9,45.0,30.0,0.07G,999.9,100000
727850,24157,20100218,33.5,24,31.1,24,1024.1,19,938.0,24,5.5,24,4.2,24,9.9,999.9,45.0,28.0,0.00G,999.9,100000
727850,24157,20100219,35.9,24,28.6,24,1020.1,24,934.3,24,10.0,24,4.4,24,8.0,999.9,46.0,27.0,0.00G,999.9,000000
727850,24157,20100220,37.1,24,21.7,24,1018.6,24,933.1,24,10.0,24,4.4,24,9.9,999.9,46.0,28.0,0.00G,999.9,000000
727850,24157,20100221,33.1,24,16.6,24,1018.7,24,932.9,24,10.0,24,3.1,24,8.9,999.9,45.0,23.0,0.00G,999.9,000000
727850,24157,20100222,34.0,24,21.2,24,1022.3,24,936.2,24,10.0,24,6.1,24,8.0,999.9,45.0,24.1,0.00G,999.9,000000
727850,24157,20100223,33.8,24,21.1,24,1021.7,24,935.6,24,10.0,24,3.6,24,8.0,999.9,46.9,25.0,0.00G,999.9,000000
727850,24157,20100224,37.3,24,28.9,24,1011.4,18,926.2,24,5.8,24,4.9,24,8.9,999.9,46.9,26.2,0.03G,999.9,111000
727850,24157,20100225,38.7,24,35.3,24,1017.4,19,932.2,24,8.2,24,7.1,24,13.0,999.9,48.9,33.1,0.14G,999.9,110000
727850,24157,20100226,40.3,24,31.5,24,1016.9,24,931.9,24,10.0,24,6.3,24,8.9,999.9,48.9,33.1,0.03G,999.9,010000
727850,24157,20100227,44.0,24,36.7,24,1007.5,24,923.4,24,10.0,24,5.1,24,8.9,999.9,53.1,35.1,0.09G,999.9,010000
727850,24157,20100228,39.1,24,33.0,24,1014.1,24,929.3,24,9.8,24,2.5,24,8.0,999.9,53.1,28.9,0.01G,999.9,100000
727850,24157,20100301,41.5,24,34.1,24,1020.0,24,934.6,24,9.6,24,3.9,24,8.9,999.9,57.0,29.1,0.00G,999.9,000000
727850,24157,20100302,45.8,24,31.7,24,1012.4,24,928.1,24,10.0,24,5.8,24,8.0,999.9,57.0,32.0,0.00G,999.9,000000
727850,24157,20100303,43.8,24,34.9,24,1009.0,23,925.0,24,9.7,24,3.7,24,8.9,999.9,55.0,37.0,0.00G,999.9,010000
727850,24157,20100304,40.2,24,38.2,24,1012.7,19,928.2,24,5.5,24,2.9,24,8.0,999.9,46.9*,33.8*,0.04G,999.9,110000
727850,24157,20100305,35.8,24,33.8,24,1017.3,17,932.2,24,3.7,24,3.0,24,6.0,999.9,48.9,28.0,0.00G,999.9,100000
727850,24157,20100306,38.5,24,30.4,24,1021.1,24,935.4,24,9.3,24,1.9,24,9.9,999.9,54.0,28.0,0.00G,999.9,100000
727850,24157,20100307,40.6,24,29.6,24,1011.5,24,926.8,24,10.0,24,2.3,24,9.9,15.9,55.9,28.0,0.00G,999.9,000000
727850,24157,20100308,42.0,24,33.8,24,1007.7,21,923.8,24,9.8,24,8.7,24,17.1,999.9,55.9,30.2,0.00G,999.9,010000
727850,24157,20100309,31.4,24,24.3,24,1015.9,24,930.5,24,10.0,24,6.0,24,9.9,15.9,43.0,24.1,0.03G,999.9,000000
727850,24157,20100310,31.3,24,19.8,24,1014.9,24,929.1,24,10.0,24,3.7,24,9.9,18.1,41.0,21.9,0.00G,999.9,000000
727850,24157,20100311,34.4,24,24.5,24,1016.9,19,930.8,24,9.2,24,7.1,24,12.0,19.0,41.0,23.2,0.00G,999.9,011000
727850,24157,20100312,42.8,24,33.8,24,1007.4,14,925.6,24,9.1,24,10.1,24,15.9,25.1,54.0,36.0,0.15G,999.9,010000
727850,24157,20100313,37.8,24,31.8,24,1013.5,18,928.1,24,8.9,24,10.2,24,19.0,24.1,54.0,32.0,0.11G,999.9,011000
727850,24157,20100314,36.4,24,26.9,24,1028.1,24,941.9,24,10.0,24,4.5,24,8.9,999.9,50.0,27.0,0.01G,999.9,100000
727850,24157,20100315,41.5,24,28.9,24,1029.2,24,943.1,24,10.0,24,2.6,24,8.0,999.9,55.0,28.2,0.00G,999.9,000000
727850,24157,20100316,47.4,24,31.2,24,1025.0,24,939.8,24,10.0,24,5.8,24,13.0,18.1,64.0,33.1,0.00G,999.9,000000
727850,24157,20100317,46.7,24,32.9,24,1026.2,24,941.1,24,10.0,24,11.5,24,20.0,25.1,64.0,36.0,0.98G,999.9,010000
727850,24157,20100318,38.8,24,23.5,24,1028.2,24,942.1,24,10.0,24,4.8,24,13.0,15.0,52.0,25.0,0.00G,999.9,000000
727850,24157,20100319,39.2,24,18.8,24,1028.2,24,942.1,24,10.0,24,3.9,24,9.9,999.9,52.0,27.1,0.00G,999.9,000000
727850,24157,20100320,40.0,24,21.4,24,1023.7,24,938.0,24,10.0,24,4.2,24,13.0,999.9,57.9,27.0,0.00G,999.9,000000
727850,24157,20100321,46.0,24,28.9,24,1015.5,24,930.9,24,10.0,24,9.4,24,18.1,22.9,57.9,29.1,0.00G,999.9,010000
727850,24157,20100322,40.3,24,34.3,24,1017.0,22,931.7,24,9.5,24,8.6,24,18.1,26.0,52.0,33.1,0.20G,999.9,110000
727850,24157,20100323,40.6,24,28.1,24,1023.5,24,937.8,24,10.0,24,7.1,24,15.0,999.9,52.0,30.0,0.00G,999.9,000000
727850,24157,20100324,42.9,24,28.4,24,1021.3,24,935.9,24,10.0,24,3.4,24,8.0,999.9,57.9,31.1,0.00G,999.9,000000
727850,24157,20100325,46.4,24,30.1,24,1007.4,24,923.6,24,10.0,24,8.7,24,18.1,24.1,57.9,32.0,0.00G,999.9,010000
727850,24157,20100326,43.6,24,31.4,24,1010.6,24,926.3,24,10.0,24,14.5,24,22.0,26.0,52.0,36.0,0.00G,999.9,010000
727850,24157,20100327,42.5,24,28.1,24,1024.5,24,939.0,24,10.0,24,7.8,24,15.0,21.0,54.0,30.0,0.00G,999.9,000000
727850,24157,20100328,47.0,24,30.1,24,1017.3,24,932.6,24,10.0,24,7.1,24,22.0,26.0,55.0,32.0,0.00G,999.9,010000
727850,24157,20100329,46.0,24,42.2,24,1002.0,22,918.6,24,8.7,24,12.8,24,29.9,38.1,55.0,39.9,0.53G,999.9,010000
727850,24157,20100330,40.6,24,30.8,24,995.3,22,912.1,24,10.0,24,13.5,24,19.0,24.1,50.0,34.0,0.12G,999.9,010000
727850,24157,20100331,38.6,24,27.0,24,1005.0,24,920.9,24,10.0,24,9.3,24,18.1,22.0,48.0,30.0,0.00G,999.9,000000
727850,24157,20100401,38.0,24,26.7,24,1010.8,18,926.5,24,9.7,24,6.3,24,14.0,22.0,48.0,28.9,0.00G,999.9,011000
727850,24157,20100402,36.0,24,27.4,24,1009.4,22,924.1,24,8.5,24,9.1,24,15.0,21.0,48.9,30.2,0.00G,999.9,011000
727850,24157,20100403,35.8,24,28.9,24,1005.1,23,920.2,24,9.9,24,17.5,24,22.9,29.9,45.0,30.0,0.16G,999.9,011000
727850,24157,20100404,38.6,24,23.5,24,1009.3,24,924.7,24,9.9,24,9.1,24,22.9,27.0,51.1,30.9,0.00G,999.9,001000
727850,24157,20100405,40.2,24,25.8,24,1003.9,20,919.9,24,8.8,24,6.1,24,15.9,27.0,51.1,31.1,0.00G,999.9,011000
727850,24157,20100406,37.8,24,31.0,24,1014.3,20,929.7,24,9.4,24,10.1,24,20.0,28.0,46.9,33.1,0.04G,999.9,011000
727850,24157,20100407,39.3,24,30.8,24,1025.4,24,939.7,24,10.0,24,9.3,24,13.0,19.0,51.1,32.0,0.04G,999.9,010000
727850,24157,20100408,43.8,24,31.5,24,1011.9,24,927.4,24,9.7,24,16.0,24,38.1,46.0,51.1,32.0,0.06G,999.9,011000
727850,24157,20100409,35.4,24,20.8,24,1020.4,24,934.7,24,10.0,24,17.0,24,35.0,40.0,46.0,27.0,0.18G,999.9,000000
727850,24157,20100410,36.7,24,18.6,24,1019.9,24,934.2,24,10.0,24,8.5,24,18.1,27.0,51.1,26.1,0.00G,999.9,000000
727850,24157,20100411,44.3,24,22.4,24,1012.1,24,927.6,24,10.0,24,9.1,24,15.0,21.0,53.1,26.2,0.00G,999.9,000000
727850,24157,20100412,45.7,24,29.7,24,1006.3,24,922.5,24,10.0,24,10.5,24,18.1,25.1,55.0,39.0,0.00G,999.9,000000
727850,24157,20100413,44.3,24,39.7,24,1007.5,19,923.8,24,8.1,24,5.2,24,11.1,999.9,55.0,39.0,0.15G,999.9,010000
727850,24157,20100414,45.8,24,35.4,24,1014.4,24,929.9,24,10.0,24,8.3,24,14.0,15.0,57.9,35.1,0.02G,999.9,000000
727850,24157,20100415,52.3,24,31.8,24,1019.2,24,934.7,24,10.0,24,3.8,24,12.0,999.9,69.1,37.0,0.00G,999.9,000000
727850,24157,20100416,57.9,24,33.4,24,1016.9,24,933.2,24,10.0,24,5.4,24,9.9,999.9,73.0,41.0,0.00G,999.9,000000
727850,24157,20100417,58.4,24,39.5,24,1013.0,24,929.9,24,9.9,24,8.1,24,12.0,17.1,73.0,43.0,0.00G,999.9,010000
727850,24157,20100418,55.8,24,40.3,24,1015.8,24,932.1,24,10.0,24,5.4,24,12.0,18.1,66.0,45.0,0.06G,999.9,010000
727850,24157,20100419,56.4,24,36.5,24,1012.6,24,929.2,24,10.0,24,5.5,24,9.9,15.9,75.0,43.0,0.00G,999.9,000000
727850,24157,20100420,63.6,24,34.7,24,1004.0,24,921.7,24,10.0,24,5.8,24,9.9,999.9,75.0,44.1,0.00G,999.9,000000
727850,24157,20100421,54.3,24,45.3,24,1001.4,20,919.5,24,8.4,24,8.6,24,20.0,25.1,73.9,48.0,0.00G,999.9,000000
727850,24157,20100422,48.6,24,40.7,24,1007.4,22,924.0,24,9.6,24,9.2,24,15.0,22.9,66.0,42.1,0.00G,999.9,010000
727850,24157,20100423,48.7,24,24.6,24,1012.5,24,928.5,24,10.0,24,8.4,24,17.1,22.9,66.0,33.1,0.14G,999.9,000000
727850,24157,20100424,50.5,24,26.1,24,1014.3,24,930.3,24,10.0,24,14.8,24,25.1,34.0,60.1,36.0,0.00G,999.9,010000
727850,24157,20100425,43.5,24,26.2,24,1023.1,24,938.0,24,10.0,24,8.0,24,22.9,32.1,55.9,30.9,0.00G,999.9,010000
727850,24157,20100426,48.0,24,27.8,24,1018.7,24,934.0,24,10.0,24,5.2,24,9.9,999.9,66.0,33.1,0.00G,999.9,000000
727850,24157,20100427,54.2,24,39.6,24,999.3,23,916.8,24,9.5,24,7.2,24,18.1,25.1,66.0,37.0,0.02G,999.9,010000
727850,24157,20100428,45.8,24,36.1,24,996.6,24,913.5,24,10.0,24,15.6,24,24.1,31.1,62.1,39.0,0.16G,999.9,010000
727850,24157,20100429,44.9,24,35.2,24,1002.3,23,918.7,24,9.8,24,13.8,24,19.0,22.9,53.1,39.0,0.06G,999.9,010000
727850,24157,20100430,46.8,24,38.3,24,1011.8,24,927.6,24,9.9,24,6.5,24,19.0,28.9,60.1,39.0,0.12G,999.9,010000
727850,24157,20100501,46.0,24,33.2,24,1009.8,24,925.9,24,10.0,24,12.5,24,18.1,23.9,60.1,37.9,0.00G,999.9,010000
727850,24157,20100502,44.4,24,34.0,24,1013.8,24,929.1,24,9.8,24,8.4,24,24.1,32.1,57.0,33.1,0.06G,999.9,011010
727850,24157,20100503,49.1,24,33.5,24,1007.9,24,924.2,24,9.3,24,21.6,24,35.0,47.0,57.0,34.0,0.02G,999.9,010000
727850,24157,20100504,40.2,24,23.4,24,1018.1,24,932.9,24,9.6,24,19.9,24,29.9,41.0,55.0,30.0,0.00A,999.9,000000
727850,24157,20100505,40.5,24,23.8,24,1020.4,24,935.0,24,10.0,24,5.5,24,15.9,20.0,52.0,28.9,0.00G,999.9,000000
727850,24157,20100506,41.7,24,29.6,24,1022.0,23,936.8,24,10.0,24,3.9,24,12.0,15.0,52.0,31.1,0.00G,999.9,010000
727850,24157,20100507,44.5,24,29.5,24,1025.1,24,939.6,24,10.0,24,5.0,24,8.0,999.9,57.0,33.1,0.00G,999.9,000000
727850,24157,20100508,48.1,24,32.1,24,1017.7,24,933.2,24,10.0,24,5.9,24,18.1,21.0,57.0,34.0,0.00G,999.9,010000
727850,24157,20100509,46.8,24,33.8,24,1014.8,24,930.4,24,10.0,24,3.6,24,14.0,999.9,60.1,35.1,0.08G,999.9,000000
727850,24157,20100510,50.9,24,32.5,24,1009.9,24,926.2,24,10.0,24,6.8,24,11.1,18.1,66.0,35.1,0.00G,999.9,000000
727850,24157,20100511,52.1,24,35.3,24,1013.7,21,929.9,23,8.5,24,7.9,24,21.0,26.0,69.1,37.0,0.00G,999.9,100000
727850,24157,20100512,55.3,24,33.0,24,1019.2,24,935.2,24,10.0,24,4.7,24,26.0,34.0,69.1,39.0,0.00G,999.9,010000
727850,24157,20100513,58.0,24,32.5,24,1017.5,24,933.7,24,10.0,24,6.1,24,13.0,18.1,72.0,39.9,0.00G,999.9,000000
727850,24157,20100514,60.4,24,33.9,24,1015.9,24,932.5,24,10.0,24,3.9,24,11.1,15.0,75.0,44.1,0.00G,999.9,000000
727850,24157,20100515,64.4,24,36.9,24,1015.0,24,932.0,24,10.0,24,5.0,24,11.1,14.0,79.0,48.9,0.00G,999.9,000000
727850,24157,20100516,66.7,24,41.1,24,1011.8,24,929.2,24,10.0,24,5.5,24,8.9,15.9,81.0,48.9,0.00G,999.9,000000
727850,24157,20100517,68.8,24,43.3,24,1006.4,24,924.5,24,10.0,24,5.6,24,15.9,999.9,81.0,55.9,0.00G,999.9,010000
727850,24157,20100518,59.6,24,51.6,24,1005.5,20,923.3,24,9.0,24,8.3,24,18.1,22.9,73.0*,51.8*,0.07G,999.9,010010
727850,24157,20100519,55.5,24,43.8,24,1013.5,24,930.0,24,10.0,24,7.9,24,14.0,18.1,70.0,44.1,0.06G,999.9,000000
727850,24157,20100520,50.4,24,37.6,24,1013.2,23,929.2,24,10.0,24,15.9,24,32.1,44.1,70.0,39.0,0.14G,999.9,010010
727850,24157,20100521,44.0,24,29.0,24,1013.3,24,929.2,24,10.0,24,7.2,24,15.0,22.0,55.9,33.1,0.01G,999.9,010010
727850,24157,20100522,46.0,24,32.1,24,1006.2,20,922.5,24,9.4,24,6.7,24,14.0,20.0,55.9,33.1,0.00G,999.9,011000
727850,24157,20100523,46.0,24,33.8,24,1010.7,24,926.7,24,10.0,24,8.5,24,15.0,19.0,57.9,35.1,0.02G,999.9,000000
727850,24157,20100524,48.2,24,27.7,24,1012.2,24,928.1,24,10.0,24,4.2,24,13.0,18.1,64.0,32.0,0.00G,999.9,000000
727850,24157,20100525,54.3,24,32.1,24,1013.5,24,929.7,24,10.0,24,6.5,24,14.0,20.0,69.1,33.1,0.00G,999.9,000000
727850,24157,20100526,56.5,24,38.8,24,1009.3,24,926.3,24,10.0,24,5.9,24,9.9,999.9,69.1,41.0,0.00G,999.9,010000
727850,24157,20100527,50.5,24,48.0,24,1010.1,18,926.0,24,8.2,24,5.3,24,15.9,999.9,59.0,46.0,0.02G,999.9,010000
727850,24157,20100528,49.8,24,45.3,24,1012.8,19,929.0,24,9.6,24,6.9,24,13.0,999.9,57.9,46.0,0.99G,999.9,010000
727850,24157,20100529,49.8,24,42.9,24,1018.0,22,933.8,24,10.0,24,12.2,24,17.1,25.1,57.9,43.0,0.01G,999.9,010000
727850,24157,20100530,52.7,24,40.7,24,1017.1,22,933.0,24,10.0,24,12.2,24,18.1,22.0,66.2*,42.8*,0.01G,999.9,010000
727850,24157,20100531,55.8,24,45.8,24,1011.9,23,928.5,24,8.6,24,9.0,24,15.0,999.9,64.0,43.0,0.41C,999.9,010000
727850,24157,20100601,55.2,24,47.0,24,1011.7,23,928.2,24,9.4,24,8.3,24,15.9,22.0,66.0,48.0,0.25A,999.9,010010
727850,24157,20100602,55.7,24,47.0,24,1009.5,19,926.3,24,8.5,24,8.1,24,15.0,19.0,66.9,48.9,0.03G,999.9,010000
727850,24157,20100603,53.1,24,44.1,24,1009.3,24,925.7,24,10.0,24,11.2,24,17.1,22.9,60.1,45.0,0.35G,999.9,010000
727850,24157,20100604,52.5,24,43.3,24,1008.1,18,924.1,24,7.5,24,5.6,24,15.0,999.9,60.1,46.0,0.06G,999.9,010000
727850,24157,20100605,53.5,24,40.6,24,1016.7,24,932.7,24,10.0,24,9.9,24,15.0,18.1,64.9,43.0,0.50G,999.9,000000
727850,24157,20100606,55.3,24,42.9,24,1017.2,22,933.2,24,10.0,24,5.0,24,9.9,999.9,64.9,44.1,0.00G,999.9,010000
727850,24157,20100607,58.0,24,47.8,24,1016.1,24,932.5,24,9.7,24,5.9,24,15.9,24.1,70.0,46.9,0.24G,999.9,010000
727850,24157,20100608,58.7,24,41.4,24,1017.1,24,933.6,24,10.0,24,7.3,24,15.9,999.9,70.0,46.0,0.16G,999.9,000000
727850,24157,20100609,60.2,24,45.0,24,1008.3,20,925.5,24,9.6,24,7.4,24,17.1,22.0,70.0,46.9,0.10G,999.9,010000
727850,24157,20100610,53.5,24,44.5,24,1011.0,23,927.7,24,9.9,24,11.9,24,20.0,25.1,66.0,46.9,0.16G,999.9,010000
727850,24157,20100611,51.6,24,45.7,24,1020.1,21,936.0,24,10.0,24,4.4,24,8.0,999.9,62.1,46.9,0.20G,999.9,010000
727850,24157,20100612,59.1,24,46.4,24,1026.0,24,941.5,24,10.0,24,2.8,24,7.0,15.0,75.0,46.9,0.00G,999.9,000000
727850,24157,20100613,65.8,24,43.3,24,1020.2,24,936.8,24,10.0,24,5.2,24,12.0,19.0,79.0,48.0,0.00G,999.9,000000
727850,24157,20100614,64.1,24,40.9,24,1015.9,24,933.0,24,10.0,24,10.7,24,17.1,20.0,79.0,48.9,0.00G,999.9,000000
727850,24157,20100615,56.8,24,35.4,24,1013.2,24,930.0,24,10.0,24,9.4,24,13.0,21.0,70.0,45.0,0.00G,999.9,000000
727850,24157,20100616,51.2,24,38.5,24,1013.2,23,929.5,24,10.0,24,7.5,24,12.0,999.9,63.0,46.0,0.00G,999.9,010000
727850,24157,20100617,48.7,24,44.0,24,1016.0,22,931.7,24,9.5,24,8.2,24,14.0,999.9,53.1,45.0,0.00G,999.9,010000
727850,24157,20100618,54.8,24,45.7,24,1018.0,24,934.0,24,10.0,24,5.1,24,9.9,999.9,69.1,46.0,0.07G,999.9,000000
727850,24157,20100619,61.1,24,45.9,24,1014.2,24,931.0,24,10.0,24,4.8,24,8.9,999.9,75.9,48.9,0.00G,999.9,000000
727850,24157,20100620,60.5,24,50.3,24,1014.9,18,932.2,24,9.3,24,7.7,24,15.0,19.0,75.9,50.0,0.22G,999.9,010000
727850,24157,20100621,52.7,24,50.3,24,1016.3,20,932.3,24,8.4,24,10.2,24,15.0,20.0,64.9,48.9,0.37G,999.9,010000
727850,24157,20100622,57.7,24,50.8,24,1019.8,24,935.7,24,10.0,24,3.0,24,7.0,999.9,72.0,50.0,0.25G,999.9,010000
727850,24157,20100623,65.6,24,52.0,24,1018.7,24,935.5,24,10.0,24,4.8,24,9.9,999.9,80.1,52.0,0.00G,999.9,000000
727850,24157,20100624,69.0,24,53.2,24,1014.0,23,931.7,24,10.0,24,3.7,24,8.9,14.0,81.0,55.0,0.01G,999.9,010010
727850,24157,20100625,68.3,24,49.2,24,1011.0,24,928.7,24,10.0,24,7.8,24,12.0,18.1,81.0,55.9,0.00G,999.9,000000
727850,24157,20100626,67.3,24,42.3,24,1012.7,24,930.2,24,10.0,24,9.2,24,13.0,19.0,79.0,55.0,0.00G,999.9,000000
727850,24157,20100627,67.3,24,42.1,24,1014.2,24,931.6,24,10.0,24,8.2,24,12.0,19.0,79.0,52.0,0.00G,999.9,000000
727850,24157,20100628,69.9,24,47.6,24,1011.9,24,929.5,24,10.0,24,7.1,24,11.1,999.9,82.9,53.1,0.00G,999.9,000000
727850,24157,20100629,69.7,24,47.7,24,1009.6,24,927.6,24,10.0,24,7.6,24,12.0,18.1,82.9,59.0,0.00G,999.9,000000
727850,24157,20100630,59.9,24,36.0,24,1013.9,24,930.9,24,10.0,24,9.2,24,13.0,19.0,77.0,46.0,0.00G,999.9,000000
727850,24157,20100701,58.8,24,36.3,24,1013.1,24,929.7,23,10.0,24,3.0,24,6.0,999.9,71.1,45.0,0.00G,999.9,000000
727850,24157,20100702,58.5,24,43.5,24,1009.6,21,926.9,24,10.0,24,9.8,24,15.0,20.0,71.1,45.0,0.05G,999.9,010000
727850,24157,20100703,56.5,24,43.7,24,1013.6,24,930.1,24,10.0,24,7.3,24,12.0,15.9,66.9,46.0,0.16G,999.9,010000
727850,24157,20100704,59.3,24,41.4,24,1016.1,24,932.7,24,10.0,24,9.6,24,18.1,21.0,70.0,46.0,0.00G,999.9,000000
727850,24157,20100705,58.8,24,41.4,24,1015.3,24,931.9,24,9.9,24,7.7,24,20.0,27.0,71.1,45.0,0.00G,999.9,010000
727850,24157,20100706,62.1,24,42.3,24,1019.7,24,936.1,24,10.0,24,3.2,24,8.0,999.9,78.1,46.0,0.00G,999.9,000000
727850,24157,20100707,68.3,24,43.6,24,1019.0,24,935.9,24,10.0,24,4.9,24,11.1,18.1,84.0,48.9,0.00G,999.9,000000
727850,24157,20100708,74.3,24,44.4,24,1016.4,24,934.0,24,10.0,24,4.7,24,11.1,18.1,89.1,55.0,0.00G,999.9,000000
727850,24157,20100709,76.9,24,45.0,24,1014.1,24,932.0,24,10.0,24,3.8,24,8.0,15.9,91.9,61.0,0.00G,999.9,000000
727850,24157,20100710,77.4,24,47.0,24,1010.4,24,928.8,24,10.0,24,7.0,24,12.0,18.1,91.9,62.1,0.00G,999.9,000000
727850,24157,20100711,74.5,24,51.2,24,1010.6,24,928.8,24,10.0,24,6.3,24,15.0,21.0,91.0,59.0,0.00G,999.9,000000
727850,24157,20100712,72.9,24,44.9,24,1003.3,24,922.0,24,9.0,24,17.2,24,29.9,42.0,91.0,59.0,0.00G,999.9,000000
727850,24157,20100713,59.4,24,31.9,24,1011.6,24,928.8,24,9.9,24,11.0,24,25.1,34.0,78.1,46.0,0.00G,999.9,000000
727850,24157,20100714,60.6,24,39.2,24,1019.3,24,935.7,24,10.0,24,4.0,24,13.0,18.1,75.9,46.0,0.00G,999.9,000000
727850,24157,20100715,70.2,24,46.1,24,1018.4,24,935.4,24,10.0,24,7.0,24,12.0,22.0,88.0,46.9,0.00G,999.9,000000
727850,24157,20100716,74.1,24,40.0,24,1013.1,24,931.1,24,10.0,24,8.7,24,13.0,22.0,88.0,55.9,0.00G,999.9,000000
727850,24157,20100717,71.3,24,37.9,24,1014.1,24,931.8,24,10.0,24,6.7,24,12.0,999.9,87.1,55.9,0.00G,999.9,000000
727850,24157,20100718,70.5,24,39.5,24,1013.7,24,931.3,24,10.0,24,5.4,24,9.9,15.9,82.9,54.0,0.00G,999.9,000000
727850,24157,20100719,68.6,24,41.0,24,1014.5,24,932.0,24,10.0,24,6.2,24,9.9,999.9,82.9,53.1,0.00G,999.9,000000
727850,24157,20100720,71.2,24,42.3,24,1015.0,24,932.4,24,10.0,24,4.9,24,9.9,15.0,84.9,53.1,0.00G,999.9,000000
727850,24157,20100721,71.9,24,41.5,24,1011.7,24,929.6,24,10.0,24,4.2,24,8.9,15.0,87.1,54.0,0.00G,999.9,000000
727850,24157,20100722,73.0,24,42.0,24,1007.9,24,926.2,24,9.8,24,11.1,24,24.1,32.1,87.1,54.0,0.00G,999.9,000000
727850,24157,20100723,67.9,24,44.9,24,1013.7,24,931.2,24,9.7,24,6.6,24,23.9,30.9,84.9,52.0,0.00G,999.9,000000
727850,24157,20100724,72.6,24,46.7,24,1017.3,24,934.7,24,10.0,24,3.3,24,8.0,999.9,89.1,52.0,0.00G,999.9,000000
727850,24157,20100725,78.3,24,46.5,24,1012.2,24,930.4,24,10.0,24,3.8,24,8.0,15.0,93.0,59.0,0.00G,999.9,000000
727850,24157,20100726,80.1,24,43.0,24,1007.8,24,926.5,24,10.0,24,5.7,24,11.1,15.0,95.0,64.0,0.00G,999.9,000000
727850,24157,20100727,77.4,24,45.2,24,1008.8,24,927.4,24,10.0,24,4.0,24,9.9,999.9,95.0,64.0,0.00G,999.9,000000
727850,24157,20100728,73.8,24,52.1,24,1013.5,24,931.3,24,10.0,24,4.9,24,9.9,999.9,91.0,62.1,0.00G,999.9,000000
727850,24157,20100729,73.3,24,53.7,24,1015.6,23,933.2,24,9.7,24,7.6,24,24.1,28.9,91.0,62.1,0.04G,999.9,010000
727850,24157,20100730,75.4,24,51.2,24,1013.2,24,931.2,24,10.0,24,4.0,24,11.1,999.9,89.1,63.0,0.01G,999.9,010000
727850,24157,20100731,73.5,24,54.5,24,1010.2,23,928.5,24,9.7,24,5.9,24,19.0,22.9,89.1,62.1,0.03G,999.9,010010
727850,24157,20100801,65.4,24,49.6,24,1012.6,24,930.0,24,10.0,24,5.6,24,14.0,15.9,79.0,53.1,0.08G,999.9,000000
727850,24157,20100802,70.1,24,48.3,24,1014.5,24,931.9,24,10.0,24,4.9,24,9.9,17.1,82.9,53.1,0.00G,999.9,000000
727850,24157,20100803,72.4,24,52.6,24,1014.7,24,932.3,24,9.7,24,4.5,24,8.0,999.9,87.1,57.9,0.00G,999.9,000000
727850,24157,20100804,75.6,24,49.1,24,1014.4,24,932.2,24,9.1,24,8.0,24,15.0,20.0,88.0,61.0,0.00G,999.9,000000
727850,24157,20100805,77.3,24,50.7,24,1011.2,24,929.4,24,10.0,24,5.7,24,11.1,15.9,91.0,64.0,0.00G,999.9,000000
727850,24157,20100806,77.9,24,49.5,24,1006.9,24,925.7,24,10.0,24,7.5,24,17.1,21.0,91.9,64.0,0.00G,999.9,000000
727850,24157,20100807,73.6,24,45.3,24,1006.9,24,925.4,24,8.2,24,9.1,24,14.0,21.0,89.1,60.1,0.00G,999.9,000000
727850,24157,20100808,70.0,24,49.9,24,1008.9,24,926.9,24,9.9,24,8.4,24,14.0,21.0,84.9,59.0,0.00G,999.9,010000
727850,24157,20100809,69.6,24,47.4,24,1009.3,24,927.2,24,10.0,24,5.6,24,14.0,22.0,82.0,57.0,0.03G,999.9,000000
727850,24157,20100810,67.9,24,42.8,24,1008.8,24,926.7,24,10.0,24,7.2,24,13.0,21.0,82.0,57.0,0.00G,999.9,000000
727850,24157,20100811,66.8,24,46.3,24,1010.7,24,928.3,24,10.0,24,3.3,24,8.0,999.9,77.0,59.0,0.00G,999.9,000000
727850,24157,20100812,69.0,24,46.5,24,1011.7,24,929.3,24,10.0,24,7.9,24,19.0,25.1,86.0,55.9,0.00G,999.9,000000
727850,24157,20100813,69.4,24,47.4,24,1012.3,24,930.0,24,9.9,24,8.2,24,15.0,25.1,87.1,55.9,0.02G,999.9,010000
727850,24157,20100814,71.4,24,43.3,24,1017.8,24,935.2,24,10.0,24,8.8,24,15.0,22.0,84.0,55.9,0.00G,999.9,000000
727850,24157,20100815,73.5,24,43.3,24,1017.8,24,935.3,24,10.0,24,7.9,24,13.0,18.1,89.1,59.0,0.00G,999.9,000000
727850,24157,20100816,75.4,24,41.5,24,1014.9,24,932.8,24,10.0,24,4.0,24,8.0,999.9,91.0,62.1,0.00G,999.9,000000
727850,24157,20100817,78.1,24,40.4,24,1010.9,24,929.2,24,10.0,24,4.1,24,8.9,999.9,93.0,62.1,0.00G,999.9,000000
727850,24157,20100818,77.0,24,41.3,24,1007.9,24,926.5,24,10.0,24,5.8,24,14.0,25.1,93.0,62.1,0.00G,999.9,000000
727850,24157,20100819,72.0,24,38.0,24,1008.2,24,926.4,24,10.0,24,10.3,24,15.9,25.1,87.1,57.9,0.00G,999.9,000000
727850,24157,20100820,68.0,24,34.2,24,1008.2,24,926.2,24,10.0,24,9.9,24,20.0,22.0,84.9,51.1,0.00G,999.9,000000
727850,24157,20100821,67.0,24,33.9,24,1006.2,23,924.1,24,10.0,24,4.5,24,12.0,16.9,79.0,54.0,0.00G,999.9,010010
727850,24157,20100822,66.2,24,37.1,24,1010.4,24,928.1,24,10.0,24,10.1,24,15.9,24.1,79.0,55.0,0.00G,999.9,010000
727850,24157,20100823,59.2,24,36.7,24,1022.8,24,939.0,24,10.0,24,8.1,24,17.1,22.9,75.0,44.1,0.00G,999.9,000000
727850,24157,20100824,63.9,24,36.7,24,1025.1,24,941.1,24,10.0,24,3.6,24,8.0,999.9,82.9,45.0,0.00G,999.9,000000
727850,24157,20100825,71.8,24,40.2,24,1016.4,24,933.7,24,10.0,24,4.9,24,8.9,15.9,93.0,51.1,0.00G,999.9,000000
727850,24157,20100826,76.4,24,34.0,24,1007.5,24,926.0,24,9.7,24,6.6,24,27.0,34.0,93.0,57.9,0.00G,999.9,000000
727850,24157,20100827,59.1,24,35.8,24,1012.5,24,929.7,24,8.2,24,13.7,24,24.1,34.0,89.1,46.0,0.00G,999.9,000000
727850,24157,20100828,57.6,24,32.8,24,1008.4,24,925.5,24,10.0,24,3.7,24,8.9,999.9,68.0,46.9,0.00G,999.9,000000
727850,24157,20100829,57.7,24,35.2,24,1006.7,24,924.0,24,10.0,24,4.4,24,8.9,999.9,70.0,46.0,0.00G,999.9,000000
727850,24157,20100830,56.8,24,33.6,24,1010.0,24,926.9,24,10.0,24,5.0,24,20.0,23.9,73.4*,46.9*,0.00G,999.9,000000
727850,24157,20100831,55.1,24,38.0,24,1015.2,24,931.5,24,9.8,24,9.6,24,19.0,22.0,66.9,45.0,0.00G,999.9,010000
727850,24157,20100901,55.9,24,47.8,24,1014.4,23,930.7,24,9.6,24,11.0,24,15.9,24.1,72.0,45.0,0.16G,999.9,010000
727850,24157,20100902,58.7,24,43.8,24,1022.7,24,938.7,24,10.0,24,5.1,24,14.0,19.0,75.0,46.0,0.00G,999.9,000000
727850,24157,20100903,65.1,24,42.7,24,1018.3,24,935.1,24,10.0,24,6.2,24,11.1,15.0,84.9,48.0,0.00G,999.9,000000
727850,24157,20100904,69.1,24,40.9,24,1011.1,24,928.9,24,9.9,24,10.4,24,22.9,27.0,84.9,53.1,0.00G,999.9,000000
727850,24157,20100905,57.3,24,30.3,24,1011.0,24,928.1,24,9.7,24,11.0,24,21.0,28.0,78.1,42.1,0.00G,999.9,010000
727850,24157,20100906,53.0,24,34.2,24,1016.4,24,932.5,24,10.0,24,7.5,24,13.0,19.0,68.0,42.1,0.00G,999.9,000000
727850,24157,20100907,55.7,24,41.3,24,1011.5,24,928.1,24,10.0,24,6.5,24,13.0,17.1,66.0,42.1,0.00G,999.9,010000
727850,24157,20100908,57.0,24,46.2,24,1006.8,24,923.9,24,10.0,24,5.4,24,11.1,999.9,66.9,48.0,0.01G,999.9,000000
727850,24157,20100909,54.3,24,45.3,24,1006.9,20,924.1,24,9.8,24,3.8,24,12.0,15.0,66.9,42.1,0.00G,999.9,110000
727850,24157,20100910,56.0,24,41.3,24,1014.2,24,930.6,24,10.0,24,11.3,24,15.9,22.9,64.9,44.1,0.06G,999.9,000000
727850,24157,20100911,54.0,24,37.9,24,1017.7,24,933.7,24,10.0,24,7.4,24,12.0,15.9,66.9,42.1,0.00G,999.9,000000
727850,24157,20100912,58.3,24,37.5,24,1017.5,24,933.8,24,10.0,24,2.8,24,11.1,17.1,75.9,44.1,0.00G,999.9,000000
727850,24157,20100913,63.2,24,41.5,24,1016.0,24,932.8,24,10.0,24,5.3,24,11.1,999.9,78.1,46.0,0.00G,999.9,000000
727850,24157,20100914,63.8,24,43.4,24,1014.4,24,931.4,24,10.0,24,2.5,24,6.0,999.9,79.0,50.0,0.00G,999.9,010000
727850,24157,20100915,63.0,24,44.9,24,1014.5,24,931.5,24,10.0,24,4.7,24,12.0,18.1,80.1,50.0,0.02G,999.9,010000
727850,24157,20100916,63.7,24,49.1,24,1013.2,23,930.5,24,10.0,24,7.0,24,13.0,21.0,80.1,50.0,0.01G,999.9,010000
727850,24157,20100917,60.8,24,54.2,24,1013.5,19,930.5,24,9.9,24,5.8,24,14.0,17.1,71.1,55.0,0.05G,999.9,010000
727850,24157,20100918,55.4,24,46.2,24,1013.5,23,930.2,24,10.0,24,7.4,24,14.0,16.9,66.0,50.0,0.01G,999.9,010000
727850,24157,20100919,56.1,24,52.6,24,1009.8,20,926.2,24,9.4,24,7.3,24,19.0,22.9,63.0,51.1,0.06G,999.9,010000
727850,24157,20100920,55.3,24,48.7,24,1009.0,24,925.8,24,10.0,24,12.0,24,21.0,28.0,64.9,50.0,0.47G,999.9,000000
727850,24157,20100921,54.7,24,43.0,24,1009.6,24,926.4,24,10.0,24,7.3,24,18.1,28.0,64.9,46.0,0.00G,999.9,010000
727850,24157,20100922,52.0,24,39.5,24,1010.0,24,926.5,24,10.0,24,3.7,24,6.0,999.9,64.9,41.0,0.00G,999.9,000000
727850,24157,20100923,52.7,24,36.4,24,1011.6,24,928.0,24,10.0,24,7.1,24,15.0,22.0,64.9,42.1,0.00G,999.9,000000
727850,24157,20100924,53.2,24,44.8,24,1020.3,24,935.8,24,9.9,24,6.4,24,15.0,999.9,64.9,44.1,0.00G,999.9,010000
727850,24157,20100925,58.7,24,44.2,24,1021.8,24,937.8,24,10.0,24,5.5,24,13.0,18.1,79.0,46.9,0.00G,999.9,000000
727850,24157,20100926,62.1,24,43.0,24,1014.9,24,931.7,24,10.0,24,6.8,24,15.0,20.0,79.0,48.9,0.00G,999.9,000000
727850,24157,20100927,65.5,24,49.6,24,1018.0,24,934.8,24,10.0,24,8.4,24,15.0,19.0,78.1,51.1,0.00G,999.9,000000
727850,24157,20100928,66.9,24,51.8,24,1015.4,24,932.6,24,10.0,24,9.6,24,21.0,29.9,81.0,55.9,0.00G,999.9,000000
727850,24157,20100929,63.4,24,48.4,24,1017.0,24,933.9,24,10.0,24,5.9,24,19.0,24.1,81.0,52.0,0.00G,999.9,000000
727850,24157,20100930,62.2,24,45.8,24,1015.4,24,932.3,24,10.0,24,4.3,24,9.9,999.9,79.0,48.9,0.00G,999.9,000000
727850,24157,20101001,66.7,24,46.5,24,1015.2,24,932.4,24,10.0,24,6.4,24,8.9,999.9,81.0,48.9,0.00G,999.9,000000
727850,24157,20101002,64.6,24,48.5,24,1016.6,24,933.6,24,10.0,24,3.8,24,7.0,999.9,81.0,51.1,0.00G,999.9,000000
727850,24157,20101003,63.1,24,49.0,24,1010.9,24,928.3,24,10.0,24,4.6,24,11.1,999.9,81.0,53.1,0.00G,999.9,010000
727850,24157,20101004,55.8,24,50.1,24,1013.2,24,929.9,24,9.9,24,6.1,24,11.1,999.9,66.9,51.1,0.09G,999.9,010000
727850,24157,20101005,52.7,24,40.9,24,1022.3,24,937.9,24,10.0,24,5.4,24,8.9,999.9,64.0,41.0,0.03G,999.9,000000
727850,24157,20101006,53.4,24,43.2,24,1024.2,24,939.5,24,10.0,24,3.8,24,7.0,999.9,71.1,43.0,0.00G,999.9,000000
727850,24157,20101007,56.5,24,48.4,24,1014.3,23,930.9,24,8.5,24,2.4,24,7.0,999.9,71.1,43.0,0.00G,999.9,010000
727850,24157,20101008,52.6,24,49.9,24,1018.7,16,934.5,24,7.3,24,6.0,24,9.9,999.9,57.9,50.0,0.26G,999.9,010000
727850,24157,20101009,53.9,24,47.2,24,1023.6,24,939.1,24,10.0,24,4.7,24,7.0,999.9,64.9,48.0,0.02G,999.9,010000
727850,24157,20101010,58.9,24,54.7,24,1021.7,21,937.5,24,9.0,24,6.9,24,17.1,22.0,64.9,48.0,0.08G,999.9,010000
727850,24157,20101011,48.0,24,39.4,24,1023.4,24,938.2,24,10.0,24,10.0,24,14.0,18.1,64.9,37.0,0.04G,999.9,000000
727850,24157,20101012,45.4,24,33.6,24,1031.2,24,945.4,24,10.0,24,4.7,24,11.1,999.9,59.0,36.0,0.00G,999.9,000000
727850,24157,20101013,48.3,24,38.6,24,1027.9,24,942.6,24,10.0,24,5.6,24,8.9,999.9,63.0,36.0,0.00G,999.9,000000
727850,24157,20101014,51.4,24,41.0,24,1021.2,24,936.7,24,10.0,24,5.5,24,11.1,999.9,70.0,39.9,0.00G,999.9,000000
727850,24157,20101015,51.2,24,33.3,24,1019.0,24,934.7,24,10.0,24,9.5,24,15.0,15.9,70.0,39.9,0.00G,999.9,000000
727850,24157,20101016,42.9,24,24.7,24,1022.4,24,937.3,24,10.0,24,3.4,24,6.0,999.9,57.0,33.1,0.00G,999.9,000000
727850,24157,20101017,41.4,24,26.3,24,1022.4,24,937.0,24,10.0,24,2.4,24,7.0,999.9,55.9,30.0,0.00G,999.9,000000
727850,24157,20101018,42.2,24,27.2,24,1024.7,24,939.1,24,9.7,24,1.6,24,8.9,999.9,57.9,30.9,0.00G,999.9,000000
727850,24157,20101019,44.9,24,30.1,24,1024.4,24,939.1,24,10.0,24,2.9,24,6.0,999.9,61.0,31.1,0.00G,999.9,000000
727850,24157,20101020,46.9,24,35.3,24,1019.5,24,934.8,24,10.0,24,4.4,24,8.0,999.9,62.1,36.0,0.00G,999.9,000000
727850,24157,20101021,50.4,24,39.5,24,1013.6,24,929.6,24,10.0,24,5.2,24,8.9,999.9,64.9,37.0,0.00G,999.9,000000
727850,24157,20101022,49.5,24,39.8,24,1011.6,24,927.8,24,9.7,24,4.6,24,9.9,999.9,64.9,39.9,0.00G,999.9,000000
727850,24157,20101023,46.0,24,41.4,24,1010.2,21,926.2,24,8.0,24,4.0,24,9.9,999.9,59.0,37.9,0.00G,999.9,010000
727850,24157,20101024,46.8,24,43.7,24,1001.6,18,917.2,24,9.0,24,8.3,24,20.0,28.0,50.0*,37.4*,0.29G,999.9,010000
727850,24157,20101025,41.6,24,37.1,24,1000.4,22,917.3,24,9.8,24,18.3,24,26.0,33.0,50.0,39.0,0.21G,999.9,010000
727850,24157,20101026,39.9,24,33.9,24,1009.4,22,924.8,24,10.0,24,13.9,24,22.9,28.9,46.9,35.1,0.11G,999.9,010000
727850,24157,20101027,42.0,24,35.9,24,1020.4,23,935.2,24,10.0,24,7.3,24,14.0,999.9,46.9,36.0,0.00G,999.9,000000
727850,24157,20101028,41.3,24,35.3,24,1020.9,24,935.6,24,9.8,24,7.5,24,9.9,999.9,46.9,37.9,0.00G,999.9,010000
727850,24157,20101029,42.2,24,40.6,24,1017.7,16,932.7,24,5.0,24,3.5,24,8.0,999.9,46.4*,39.2*,0.11G,999.9,110000
727850,24157,20101030,41.4,24,39.9,24,1015.4,15,930.5,24,4.3,24,5.1,24,12.0,15.9,45.0*,37.4*,0.23G,999.9,110000
727850,24157,20101031,45.0,24,42.0,24,1014.5,19,929.5,24,8.4,24,7.0,24,15.0,18.1,51.8*,42.1*,0.06G,999.9,010000
727850,24157,20101101,46.3,24,39.1,24,1022.9,24,937.7,24,10.0,24,7.5,24,12.0,18.1,54.0,39.9,0.03G,999.9,010000
727850,24157,20101102,51.3,24,46.3,24,1030.3,21,944.3,24,7.4,24,7.8,24,12.0,999.9,57.9,39.9,0.44G,999.9,110000
727850,24157,20101103,43.5,24,36.6,24,1033.9,22,948.3,24,8.7,24,5.2,24,11.1,15.9,57.9,36.0,0.00G,999.9,100000
727850,24157,20101104,45.7,24,35.6,24,1025.7,24,940.4,24,10.0,24,5.3,24,8.0,999.9,57.0,37.0,0.00G,999.9,000000
727850,24157,20101105,45.4,24,39.4,24,1015.6,24,931.1,24,9.8,24,5.4,24,11.1,999.9,55.9,39.0,0.00G,999.9,000000
727850,24157,20101106,48.7,24,43.5,24,1010.4,24,926.4,24,8.6,24,1.6,24,5.1,999.9,60.1,39.9,0.00G,999.9,100000
727850,24157,20101107,48.7,24,46.1,24,1007.3,18,923.8,24,7.3,24,6.2,24,18.1,22.9,60.1,43.0,0.16G,999.9,010000
727850,24157,20101108,39.0,24,36.1,24,1013.6,18,928.8,24,8.1,24,7.0,24,14.0,18.1,45.0*,33.8*,0.23G,999.9,000000
727850,24157,20101109,35.5,24,30.0,24,1016.2,24,930.7,24,10.0,24,5.7,24,11.1,999.9,43.0*,28.4*,0.00G,999.9,000000
727850,24157,20101110,37.9,24,29.5,24,1014.9,24,929.7,24,10.0,24,4.0,24,8.0,18.1,46.0,30.2,0.00G,999.9,010000
727850,24157,20101111,35.5,24,30.4,24,1026.4,19,940.6,24,6.7,24,5.5,24,8.9,999.9,46.0,28.9,0.00G,999.9,000000
727850,24157,20101112,37.0,24,33.5,24,1031.3,21,944.6,24,6.9,24,4.7,24,8.9,999.9,44.1,29.1,0.02G,999.9,010000
727850,24157,20101113,34.0,24,31.8,24,1035.4,18,947.6,24,6.7,24,2.3,24,7.0,999.9,37.9,30.9,0.00G,999.9,011000
727850,24157,20101114,36.5,24,35.3,24,1024.3,21,938.2,24,7.0,24,2.8,24,7.0,999.9,39.9,31.1,0.06G,999.9,110000
727850,24157,20101115,38.6,24,37.4,24,1018.9,18,933.6,24,4.2,24,5.1,24,12.0,999.9,46.4*,35.1*,0.00G,999.9,110000
727850,24157,20101116,43.4,24,38.5,24,1008.7,23,923.6,24,9.9,24,17.0,24,31.1,40.0,48.9,35.1,0.10G,999.9,010000
727850,24157,20101117,41.0,24,33.7,24,1014.1,24,929.3,24,10.0,24,8.5,24,15.0,26.0,48.9,37.0,0.06G,999.9,010000
727850,24157,20101118,37.3,24,33.7,24,1006.5,18,922.1,24,6.4,24,12.3,24,19.0,26.0,45.0,32.0,0.49G,1.2,111000
727850,24157,20101119,33.0,24,27.6,24,1011.8,23,926.6,24,10.0,24,7.3,24,9.9,999.9,42.1,30.0,0.03G,2.0,000000
727850,24157,20101120,31.2,24,26.5,24,1007.7,24,922.6,24,10.0,24,6.3,24,13.0,999.9,37.9,25.0,0.00G,999.9,000000
727850,24157,20101121,24.7,24,18.9,24,1007.8,19,921.7,24,8.4,24,6.3,24,9.9,999.9,36.0,19.9,0.00G,999.9,001000
727850,24157,20101122,22.1,24,18.9,24,1004.8,14,918.9,24,4.4,24,5.3,24,12.0,15.0,25.0*,17.6*,0.14G,3.1,001000
727850,24157,20101123,11.3,24,7.8,24,1007.2,18,920.0,24,1.7,24,13.1,24,17.1,22.0,17.6*,8.1*,0.19G,5.1,101000
727850,24157,20101124,-0.9,24,-4.6,24,1024.1,21,934.2,24,8.7,24,4.5,24,8.0,999.9,12.0,-9.9,0.03G,5.1,001000
727850,24157,20101125,10.8,24,6.6,24,1028.8,19,939.5,24,5.8,24,3.7,24,6.0,999.9,21.9*,7.0*,0.00G,5.9,001000
727850,24157,20101126,22.3,24,20.2,24,1022.6,18,935.3,24,5.9,24,4.3,24,8.0,999.9,32.0,7.0,0.26G,7.1,101000
727850,24157,20101127,31.3,24,29.6,24,1010.6,19,924.9,24,2.2,24,6.5,24,15.0,21.0,34.0,18.0,0.22G,9.8,111000
727850,24157,20101128,24.2,24,23.3,24,1012.3,21,925.6,24,0.9,24,6.8,24,13.0,999.9,34.0,19.0,0.23G,9.1,111000
727850,24157,20101129,21.2,24,19.9,24,1027.8,20,940.2,24,1.8,24,4.1,24,6.0,999.9,28.0,16.0,0.00G,7.9,100000
727850,24157,20101130,24.9,24,23.1,24,1028.1,19,940.4,24,3.4,24,4.7,24,15.0,20.0,30.2*,21.0*,0.00G,11.0,101000
727850,24157,20101201,33.1,24,32.2,24,1019.4,20,933.4,24,1.6,24,5.9,24,15.0,20.0,35.6*,30.0*,0.61G,9.8,101000
727850,24157,20101202,32.7,24,32.6,24,1017.6,18,931.8,24,1.6,24,3.3,24,8.0,999.9,35.1,30.0,0.19G,9.1,111000
727850,24157,20101203,26.6,24,25.5,24,1024.0,16,935.9,24,3.4,24,5.2,24,8.9,999.9,34.0,23.0,0.00G,7.9,101000
727850,24157,20101204,22.4,24,19.9,24,1028.9,24,941.1,24,8.1,24,4.6,24,8.0,999.9,30.9,17.1,0.00G,7.9,100000
727850,24157,20101205,21.3,24,17.3,24,1029.2,24,941.3,24,10.0,24,5.8,24,11.1,999.9,30.9,15.1,0.00G,7.9,000000
727850,24157,20101206,21.9,24,17.2,24,1024.9,24,937.3,24,10.0,24,5.4,24,8.0,999.9,30.0,16.0,0.00G,7.1,000000
727850,24157,20101207,26.7,24,24.8,24,1029.2,21,941.8,24,5.9,24,6.0,24,8.9,999.9,33.1,17.1,0.00G,7.1,100000
727850,24157,20101208,34.1,24,30.4,24,1016.9,24,931.1,24,10.0,24,7.8,24,14.0,21.0,39.9,24.1,0.00G,7.1,010000
727850,24157,20101209,36.3,24,33.3,24,1014.4,24,929.2,24,9.1,24,8.9,24,15.0,19.0,39.9,31.1,0.01G,5.1,010000
727850,24157,20101210,34.7,24,32.8,24,1012.1,18,926.2,24,8.2,24,9.7,24,19.0,22.9,39.9,32.0,0.71G,3.9,011000
727850,24157,20101211,32.5,24,31.4,24,1024.3,19,938.3,24,3.7,24,4.9,24,11.1,999.9,34.0*,30.2*,0.27G,3.9,001000
727850,24157,20101212,37.3,24,35.7,24,1017.8,20,932.3,24,4.0,24,8.8,24,19.0,26.0,45.0,32.0,0.37G,2.0,111000
727850,24157,20101213,43.8,24,42.0,24,1014.3,20,929.8,24,7.6,24,10.0,24,16.9,21.0,46.4*,41.0*,0.08G,5.1,100000
727850,24157,20101214,40.0,24,38.0,24,1003.3,17,918.2,24,8.1,24,11.4,24,26.0,35.0,44.6*,35.6*,0.17G,999.9,111000
727850,24157,20101215,33.0,24,29.4,24,1008.6,24,923.7,24,9.9,24,12.9,24,20.0,25.1,44.1,30.0,0.23G,999.9,000000
727850,24157,20101216,31.3,24,27.0,24,1018.4,24,932.4,24,10.0,24,4.5,24,9.9,999.9,37.9,27.0,0.00G,999.9,001000
727850,24157,20101217,30.1,24,23.2,24,1017.4,24,931.4,24,10.0,24,6.4,24,8.9,999.9,37.9,26.1,0.00G,999.9,000000
727850,24157,20101218,26.9,24,19.5,24,1009.5,20,923.1,24,7.6,24,7.9,24,14.0,19.0,36.0,23.0,0.00G,2.0,101000
727850,24157,20101219,25.1,24,23.3,24,1004.8,17,919.5,24,6.0,24,6.0,24,9.9,999.9,28.0,21.0,0.11G,2.0,001000
727850,24157,20101220,23.7,24,21.6,24,999.3,20,914.8,24,7.5,24,5.0,24,8.9,999.9,28.9,19.0,0.01G,2.0,001000
727850,24157,20101221,30.1,24,26.7,24,1010.2,24,924.6,24,9.7,24,6.6,24,8.9,999.9,37.0,19.9,0.05G,2.0,001000
727850,24157,20101222,30.0,24,24.9,24,1012.9,24,927.3,24,10.0,24,8.0,24,13.0,999.9,37.0,24.1,0.00G,2.0,001000
727850,24157,20101223,31.4,24,30.6,24,1017.2,21,932.1,23,1.0,24,3.5,24,7.0,999.9,34.0,26.1,0.12G,3.1,101000
727850,24157,20101224,31.1,24,28.5,24,1022.2,23,935.9,23,8.8,24,7.5,24,9.9,999.9,35.1,28.0,0.00G,3.1,100000
727850,24157,20101225,30.6,24,25.4,24,1015.7,24,929.9,24,10.0,24,8.4,24,12.0,999.9,35.1,26.1,0.00G,3.1,000000
727850,24157,20101226,33.9,24,29.0,24,1007.3,20,922.5,24,8.8,24,7.2,24,20.0,34.0,41.0,27.0,0.00G,1.2,011000
727850,24157,20101227,32.3,24,28.3,24,1016.7,24,931.0,24,10.0,24,16.6,24,22.0,27.0,41.0,28.9,0.10G,1.2,000000
727850,24157,20101228,36.2,24,34.1,24,1009.2,18,924.2,24,8.1,24,11.2,24,19.0,26.0,39.9,30.2,0.20G,1.2,011000
727850,24157,20101229,32.3,24,31.4,24,989.0,13,906.4,24,2.5,24,9.3,24,19.0,22.9,39.9,26.1,0.43G,7.1,111000
727850,24157,20101230,21.5,24,18.8,24,1007.5,21,920.8,24,5.1,24,7.3,24,15.0,999.9,33.1,15.1,0.32G,7.9,001000
727850,24157,20101231,5.0,24,2.1,24,1021.4,18,933.1,23,8.5,24,1.3,24,6.0,999.9,25.0,-7.1,0.00G,7.1,100000
